1.2726205587387085
0.7437524199485779
1.0059902667999268
0.8371590375900269
1.1139447689056396
1.3514448404312134
0.7437524199485779
1.1139447689056396
0.7895399928092957
1.3014448881149292
1.3639448881149292
0.8847780823707581
0.9371109008789062
0.904386043548584
1.1514447927474976
1.1705330610275269
0.6943017840385437
1.2036187648773193
1.1424962282180786
1.4014447927474976
1.109568476676941
1.3421040773391724
1.2389448881149292
0.9323971271514893
1.122873306274414
0.8694999814033508
1.0181114673614502
1.122873306274414
1.1878083944320679
0.8696266412734985
1.2441309690475464
1.0297056436538696
1.0506024360656738
1.1114447116851807
1.403840184211731
1.1338034868240356
0.8151211738586426
1.05144464969635
0.9514448046684265
0.904386043548584
0.9514448642730713
1.0271778106689453
1.0815964937210083
1.1283519268035889
1.142353892326355
1.351444959640503
0.9264447689056396
0.9150810837745667
1.1625560522079468
1.0808565616607666
1.464576244354248
0.9323971271514893
1.4924598932266235
0.9605357646942139
0.9907547235488892
0.9514447450637817
1.0514447689056396
0.8125045299530029
0.5990636944770813
1.218111515045166
1.3257278203964233
0.6878082752227783
1.1884249448776245
1.1514447927474976
0.8847781419754028
0.9958892464637756
1.1985037326812744
0.9632095098495483
1.2052909135818481
1.3014447689056396
0.8847780823707581
1.2836023569107056
1.0014448165893555
1.3486847877502441
1.2736670970916748
0.8014447093009949
1.1390666961669922
0.8847780823707581
1.1764448881149292
1.139680027961731
1.0899064540863037
0.9604182839393616
1.2736670970916748
1.227685570716858
1.218111515045166
1.1180628538131714
1.0514432191848755
0.9150810837745667
1.283918023109436
1.2735570669174194
0.932397186756134
1.0714447498321533
1.255365014076233
0.829222559928894
1.1514447927474976
0.9323971271514893
1.0899063348770142
1.1139447689056396
0.932397186756134
1.2248743772506714
0.8014447689056396
1.1139448881149292
1.3013943433761597
1.0220329761505127
1.2411068677902222
1.3379634618759155
1.2061543464660645
1.1514447927474976
1.2573270797729492
1.1743825674057007
1.1139448881149292
1.3339807987213135
1.142353892326355
1.3310397863388062
1.1139448881149292
1.0899062156677246
1.0059901475906372
0.9745216965675354
1.0514254570007324
1.420670509338379
1.2573271989822388
1.1070003509521484
1.1228734254837036
0.9309533834457397
1.1014448404312134
0.9632095098495483
0.8975986242294312
0.9632096290588379
1.0014448165893555
1.0808565616607666
0.8009397387504578
1.0808566808700562
1.0514447689056396
1.218111515045166
0.8847780823707581
1.0281528234481812
1.2514448165893555
1.0808565616607666
1.2570403814315796
1.2721424102783203
0.9114447832107544
1.0968992710113525
1.1625560522079468
1.0514447689056396
0.9958892464637756
1.0731838941574097
0.9150812029838562
1.050886869430542
1.1283677816390991
1.0734429359436035
1.2905752658843994
0.8847781419754028
0.9958893656730652
1.2514448165893555
1.2014448642730713
0.8696266412734985
1.0514447689056396
0.932397186756134
0.9150812029838562
0.9554271697998047
1.1640511751174927
1.1521201133728027
1.4127326011657715
1.0752543210983276
0.9914447069168091
0.9617732167243958
1.1625559329986572
0.8241719603538513
0.9514447450637817
1.1421048641204834
0.9800162315368652
1.150349497795105
1.301981806755066
1.2799100875854492
1.0014448165893555
1.1625559329986572
0.8181114196777344
1.2736670970916748
1.1764448881149292
0.8847781419754028
1.0514447689056396
0.9514448046684265
0.9889418482780457
0.9605357646942139
0.8696265816688538
0.7895399928092957
0.9514448046684265
1.0059901475906372
0.9150812029838562
1.1139448881149292
1.2389448881149292
1.0968992710113525
1.1514447927474976
1.1985037326812744
1.3629611730575562
1.1514447927474976
0.9914447069168091
1.2736670970916748
1.0220329761505127
0.9800162315368652
1.0899064540863037
1.0752543210983276
1.2157689332962036
1.0752543210983276
1.2736670970916748
1.1490286588668823
1.0297057628631592
1.1139447689056396
1.2470970153808594
0.9889448285102844
1.2736670970916748
1.0968992710113525
1.384831428527832
1.0514447689056396
0.7895399928092957
0.8591369986534119
0.9632095098495483
1.084778070449829
1.0059901475906372
1.243752360343933
1.1070010662078857
1.1139447689056396
1.075254201889038
1.1514447927474976
1.1711819171905518
0.9958893656730652
0.8847780823707581
1.1764448881149292
0.932397186756134
0.8371590375900269
1.0514448881149292
1.084778070449829
1.200661063194275
1.1590923070907593
0.8371590375900269
0.9745216369628906
1.2160128355026245
1.0129832029342651
0.8847780823707581
0.7419209480285645
1.4061169624328613
0.8847781419754028
1.1486304998397827
1.0314449071884155
0.7279152870178223
1.0014448165893555
0.8847781419754028
1.1139448881149292
1.1985037326812744
1.3639448881149292
1.2434295415878296
1.0514447689056396
1.2397887706756592
0.9074341654777527
0.7787173986434937
1.0014448165893555
1.0514447689056396
1.1985037326812744
1.2736670970916748
0.7437524199485779
1.1601403951644897
1.2014448642730713
1.151444911956787
1.3129184246063232
0.904386043548584
0.860493004322052
1.0714448690414429
0.9800161719322205
1.1014448404312134
1.0446237325668335
1.0714447498321533
1.1878083944320679
1.0297532081604004
1.1878085136413574
1.2437525987625122
1.1308139562606812
0.9800162315368652
1.084778070449829
0.8847781419754028
1.17049241065979
1.3412169218063354
1.1514447927474976
1.202133059501648
1.3219609260559082
1.1283677816390991
0.9605357646942139
1.4264448881149292
1.0314446687698364
1.0808565616607666
1.1756230592727661
0.8847780823707581
1.4264448881149292
0.8975985646247864
1.1360279321670532
1.0868382453918457
1.0314446687698364
0.9150810837745667
0.9889448285102844
1.2736670970916748
0.8847780823707581
1.218111515045166
1.1988332271575928
1.2332561016082764
1.2573270797729492
1.151444911956787
1.3639448881149292
0.9403336644172668
1.2514448165893555
1.3639448881149292
0.9323971271514893
1.218111515045166
1.075254201889038
1.3014448881149292
1.0129832029342651
1.0514448881149292
1.0628135204315186
1.3014447689056396
1.1514447927474976
1.3292226791381836
1.0808565616607666
1.2514448165893555
1.1234103441238403
1.0276302099227905
1.2332626581192017
1.1660698652267456
1.2905634641647339
1.2514448165893555
1.2573271989822388
0.9899348616600037
1.2514448165893555
0.9403336644172668
0.9264447689056396
1.05144464969635
1.3014448881149292
1.075254201889038
1.374974250793457
1.0276353359222412
1.2389447689056396
0.8847780823707581
1.0513771772384644
1.23823881149292
1.3014447689056396
1.0220329761505127
1.1283677816390991
1.075254201889038
1.139680027961731
1.2314448356628418
1.0989595651626587
1.1514447927474976
1.0059901475906372
1.0548871755599976
1.0750041007995605
1.0059902667999268
1.139680027961731
1.3340535163879395
1.0198140144348145
1.218111515045166
1.2389447689056396
1.0871520042419434
1.218111515045166
1.2514448165893555
1.1625560522079468
1.1514447927474976
1.0689493417739868
1.0276353359222412
0.8756397366523743
0.9914447069168091
1.4014447927474976
1.0276353359222412
1.374974250793457
1.3161507844924927
1.2181113958358765
1.3014447689056396
1.0314446687698364
1.374974250793457
1.142353892326355
0.8846997618675232
1.4847781658172607
1.0222110748291016
1.2205461263656616
1.4562066793441772
1.0514447689056396
1.3161507844924927
1.1764448881149292
1.3696266412734985
0.9401330947875977
1.4085876941680908
1.2332630157470703
1.5038257837295532
0.8913233876228333
1.5014448165893555
1.4360601902008057
1.374974250793457
1.4085876941680908
1.139680027961731
0.8118932843208313
1.4403338432312012
1.2657305002212524
1.5038257837295532
1.3014447689056396
1.4745217561721802
1.3014447689056396
1.3696266412734985
1.3847782611846924
1.0514447689056396
1.3206754922866821
1.4210100173950195
1.2787175178527832
1.3639447689056396
1.4150811433792114
1.4085876941680908
1.4085876941680908
1.3975987434387207
1.2332628965377808
1.4170787334442139
1.2787175178527832
1.5514448881149292
1.2752976417541504
1.5283288955688477
1.3639447689056396
1.4403338432312012
1.1625559329986572
1.2736670970916748
1.2389447689056396
1.3292226791381836
1.5514448881149292
0.9830076098442078
1.0968992710113525
1.3609685897827148
1.3453375101089478
1.3514447212219238
1.1601403951644897
1.433797836303711
1.3133494853973389
1.4085876941680908
1.2736670970916748
1.3014447689056396
1.4264448881149292
0.9911748766899109
1.3775631189346313
0.9592204689979553
0.7349619269371033
1.4403338432312012
1.4403337240219116
1.2389447689056396
1.3914448022842407
1.3206754922866821
1.3514448404312134
1.4403338432312012
1.0514447689056396
1.5514447689056396
1.4958893060684204
1.0261095762252808
0.7685479521751404
1.4265130758285522
1.5514448881149292
1.4324766397476196
1.2638261318206787
1.433797836303711
1.3082897663116455
0.7593865394592285
1.4605355262756348
1.4745217561721802
1.3514447212219238
1.1764447689056396
1.2736670970916748
1.3014447689056396
1.218111515045166
1.5038257837295532
1.4150811433792114
1.1878085136413574
1.369626522064209
1.3975987434387207
1.3292226791381836
1.3241767883300781
1.4958893060684204
0.9619719982147217
1.471444845199585
1.214329719543457
0.7584815621376038
1.3847782611846924
1.2548818588256836
1.1514447927474976
1.4605357646942139
1.4562066793441772
1.3292226791381836
1.3847782611846924
1.4085876941680908
1.2703697681427002
1.432530403137207
1.4181115627288818
1.2905752658843994
0.9208702445030212
1.1764448881149292
1.3639447689056396
1.4514448642730713
1.4926214218139648
1.433797836303711
0.934820294380188
1.4085876941680908
1.3924728631973267
1.131407380104065
1.284778118133545
1.4514448642730713
1.4428566694259644
0.8297619223594666
1.5514448881149292
1.4314446449279785
1.2181113958358765
1.4150811433792114
1.3014447689056396
1.3161507844924927
1.5129833221435547
1.3914448022842407
1.3847782611846924
1.4562066793441772
1.4562066793441772
1.4014447927474976
1.3241721391677856
1.3340535163879395
1.5129833221435547
1.4085876941680908
0.8849794268608093
1.5038257837295532
1.5514448881149292
1.374974250793457
0.7838119268417358
0.9289361834526062
1.4683030843734741
1.3206756114959717
1.3514446020126343
1.1139447689056396
1.2014448642730713
1.3639447689056396
1.218111515045166
1.4514448642730713
1.3609685897827148
1.5059902667999268
1.3161506652832031
1.2822139263153076
1.4150811433792114
1.3014447689056396
1.5248061418533325
1.107000470161438
1.3609685897827148
1.4150811433792114
0.9299856424331665
1.3639448881149292
1.5038257837295532
1.362550139427185
1.1878083944320679
1.3014447689056396
1.1014448404312134
1.3775317668914795
1.4745217561721802
1.1764436960220337
1.5038257837295532
1.3014447689056396
1.1139447689056396
1.3133496046066284
1.374974250793457
1.4644882678985596
1.374974250793457
1.3847782611846924
1.4562066793441772
1.414844274520874
1.3696266412734985
1.3847782611846924
0.9264447689056396
1.3206746578216553
0.6239650845527649
1.3161507844924927
1.4562066793441772
0.7706326842308044
1.5514447689056396
1.3206756114959717
1.4150811433792114
1.0691554546356201
0.9418365955352783
1.3849915266036987
0.8190857172012329
1.33405339717865
0.9063836336135864
1.4314446449279785
1.316157341003418
1.3859580755233765
1.5014448165893555
1.1660897731781006
1.4514448642730713
1.329222559928894
1.1764447689056396
1.4926214218139648
0.7929592728614807
1.4085876941680908
1.2822139263153076
1.3514447212219238
1.5038257837295532
0.7325745820999146
1.3014447689056396
1.4380558729171753
1.5514448881149292
1.4085876941680908
0.8814401626586914
1.4514520168304443
1.3639448881149292
1.4403338432312012
1.4847594499588013
1.3609700202941895
1.456598162651062
1.4926214218139648
1.3914448022842407
1.4950449466705322
1.4085876941680908
1.4403338432312012
1.2332628965377808
1.5514448881149292
1.2332628965377808
1.4181115627288818
1.3696266412734985
1.3597328662872314
1.4014447927474976
1.5059902667999268
1.5514447689056396
1.3639447689056396
1.1907267570495605
0.9322570562362671
1.3014447689056396
1.2787175178527832
1.4403337240219116
1.1985037326812744
0.6612836122512817
1.4514448642730713
1.3606879711151123
1.3268064260482788
1.3914448022842407
1.1764447689056396
1.3591371774673462
0.7484695911407471
1.4514448642730713
1.3847782611846924
1.433800458908081
1.243752360343933
1.2905752658843994
1.4562066793441772
1.5514448881149292
0.829105019569397
1.4085876941680908
1.374974250793457
0.900460422039032
1.5129833221435547
1.4085876941680908
1.4605357646942139
1.2714446783065796
1.5038257837295532
0.6441554427146912
1.433797836303711
0.9755224585533142
1.1139447689056396
1.3696266412734985
1.3975987434387207
1.3639448881149292
1.2332628965377808
1.2514448165893555
1.3241721391677856
1.4381574392318726
1.2442997694015503
1.1514447927474976
1.3014447689056396
1.3696287870407104
1.4843087196350098
1.329222559928894
1.4605357646942139
1.3847782611846924
1.3331565856933594
1.454342007637024
1.4085876941680908
1.218111515045166
1.1764448881149292
1.4805294275283813
1.3268022537231445
1.5079666376113892
1.139680027961731
1.3847782611846924
0.7599777579307556
1.4014447927474976
1.2657305002212524
1.169480323791504
1.3609685897827148
1.3017354011535645
1.4293136596679688
1.471444845199585
1.4181114435195923
1.5514448881149292
1.4393514394760132
1.4605357646942139
1.5129833221435547
1.2389447689056396
1.5038257837295532
1.5514448881149292
1.3013545274734497
1.3696266412734985
1.3292226791381836
1.2389447689056396
1.4562066793441772
1.4128555059432983
1.464832067489624
0.9205021262168884
1.5278785228729248
0.9259933233261108
1.1139447689056396
1.3292226791381836
0.7688708901405334
1.5514447689056396
1.3161506652832031
0.9503517746925354
1.2181113958358765
1.3639447689056396
1.248157262802124
1.3569667339324951
1.4562066793441772
1.4181115627288818
1.3518368005752563
1.4085876941680908
0.9687591195106506
1.1266794204711914
0.9384075403213501
1.4605355262756348
1.1514447927474976
1.4562066793441772
1.2389447689056396
1.2389447689056396
1.4605357646942139
1.2147377729415894
1.2731379270553589
1.374974250793457
1.4514448642730713
1.3775310516357422
1.3914448022842407
1.4605357646942139
1.5129830837249756
0.6366408467292786
1.4314446449279785
1.4514448642730713
1.2736669778823853
1.5059902667999268
0.7628725171089172
1.5514447689056396
1.3847782611846924
1.4644882678985596
1.3609685897827148
1.4745217561721802
1.3993290662765503
1.3014447689056396
1.3206754922866821
1.4562032222747803
1.4889448881149292
1.4562066793441772
1.4926214218139648
1.2736670970916748
1.266193151473999
1.1764452457427979
1.2573271989822388
1.4181115627288818
0.790172278881073
0.7969874739646912
1.2573271989822388
1.0808565616607666
1.4085876941680908
1.2514448165893555
1.3639447689056396
1.4150811433792114
1.5038257837295532
1.122873306274414
1.4127999544143677
1.5514448881149292
1.1139447689056396
1.4745217561721802
1.3292217254638672
1.3291425704956055
0.9486721754074097
1.2787175178527832
0.8206294775009155
1.369624376296997
1.3847782611846924
1.4264448881149292
1.5514447689056396
1.451444387435913
1.3292226791381836
1.4085878133773804
1.4562066793441772
1.369626522064209
1.4958893060684204
0.8810105323791504
1.5014448165893555
1.5038257837295532
1.139680027961731
1.142425537109375
1.3133496046066284
1.3513470888137817
1.4926214218139648
0.6707834601402283
1.2181113958358765
0.9811806678771973
1.4514448642730713
1.2736670970916748
1.2389447689056396
1.3340535163879395
1.433797836303711
1.4127881526947021
1.3696266412734985
1.218124508857727
1.3514611721038818
0.8043633699417114
0.6723452210426331
1.4150811433792114
1.218103051185608
1.369626522064209
1.4360601902008057
1.3514448404312134
1.3591370582580566
1.3609685897827148
1.4847781658172607
1.2392401695251465
1.4360601902008057
1.5059902667999268
1.329222559928894
1.3292226791381836
1.5514448881149292
1.3639447689056396
1.3514448404312134
1.4847748279571533
0.9954020380973816
1.5059902667999268
1.4085876941680908
1.3340518474578857
1.2783517837524414
1.2736670970916748
1.3514448404312134
1.4926214218139648
0.7701818943023682
1.5514447689056396
1.4926214218139648
1.35981023311615
1.4326612949371338
1.3340535163879395
1.4014447927474976
1.3639448881149292
1.3514448404312134
0.7295796871185303
1.4150811433792114
1.301499366760254
1.5038257837295532
1.3133494853973389
1.374974250793457
1.3591371774673462
1.3514447212219238
1.4085876941680908
1.4605355262756348
0.9239249229431152
1.4661744832992554
1.4314448833465576
1.251444935798645
1.5059902667999268
1.4958893060684204
0.9165965914726257
1.5079666376113892
1.3014447689056396
0.9058306217193604
1.5014448165893555
1.5038257837295532
1.5513948202133179
1.1625559329986572
1.4958893060684204
0.7836968898773193
1.3014448881149292
1.433797836303711
1.3609685897827148
1.4714443683624268
1.1482754945755005
1.4562066793441772
0.6258746385574341
1.3745548725128174
1.3014447689056396
1.4150811433792114
1.3514447212219238
1.3591370582580566
1.3847498893737793
0.8845358490943909
1.2014448642730713
1.0514447689056396
0.9632095098495483
1.4562066793441772
1.4403338432312012
1.3591371774673462
1.2573285102844238
0.9889447689056396
1.3609685897827148
1.4270631074905396
1.1885466575622559
1.5038257837295532
1.3696266412734985
1.3014447689056396
1.4085876941680908
1.40543794631958
0.9457591772079468
0.8023403882980347
1.3644883632659912
1.4150811433792114
1.3975987434387207
1.5038257837295532
1.4605355262756348
1.1139447689056396
1.4847781658172607
1.3014447689056396
1.2014448642730713
1.369626522064209
1.4926214218139648
1.176330327987671
1.4514448642730713
1.40860116481781
0.6586799621582031
1.486465573310852
1.4958893060684204
0.9065248966217041
1.3514448404312134
1.2876824140548706
1.4958893060684204
0.8129504919052124
1.218111515045166
1.346169352531433
1.4562066793441772
0.9843859076499939
1.210901141166687
1.5014448165893555
1.3014447689056396
1.2486251592636108
0.760197103023529
1.471444845199585
0.8190780282020569
0.8994923830032349
1.374974250793457
1.3775317668914795
1.3292226791381836
1.5514448881149292
1.4562066793441772
1.329222559928894
1.3484537601470947
1.4314446449279785
1.374974250793457
1.3376193046569824
1.3612020015716553
1.4014447927474976
1.3591371774673462
0.9320460557937622
1.4605357646942139
1.432865023612976
1.2714447975158691
1.3847781419754028
1.4562066793441772
1.4958893060684204
0.6347397565841675
1.5306520462036133
1.1514447927474976
1.3241721391677856
1.4562066793441772
1.5070374011993408
1.243752360343933
1.139680027961731
1.2180299758911133
1.4745217561721802
1.218111515045166
1.5079666376113892
1.433797836303711
1.284778118133545
1.2787286043167114
1.4150811433792114
1.329222559928894
1.4562066793441772
1.284778118133545
1.4360601902008057
1.311444878578186
1.1764447689056396
1.5129833221435547
1.2014448642730713
1.4847781658172607
1.3639448881149292
1.4727675914764404
1.3014447689056396
1.4562066793441772
1.337925672531128
1.3847784996032715
1.3022410869598389
1.5514448881149292
0.7887946367263794
1.3914446830749512
1.4559977054595947
1.4926214218139648
1.219891905784607
1.4562066793441772
1.3133496046066284
1.0808566808700562
1.3847782611846924
1.329222559928894
1.5038257837295532
1.5129833221435547
1.329222559928894
1.2787175178527832
0.9845023155212402
0.6227760910987854
1.363928198814392
1.1139447689056396
1.4694617986679077
1.4014447927474976
1.364413857460022
1.4181115627288818
1.3847782611846924
1.3514448404312134
1.3340535163879395
1.3859502077102661
1.3014448881149292
1.5038257837295532
0.7399776577949524
1.4264447689056396
1.374974250793457
0.9457966685295105
1.2233259677886963
1.4958893060684204
1.2787175178527832
1.2014448642730713
1.1514447927474976
1.5514447689056396
1.4562066793441772
1.3289965391159058
1.3748923540115356
1.4562063217163086
1.3696266412734985
1.495778203010559
0.7679380178451538
0.9091979265213013
1.3375266790390015
1.3914448022842407
1.3639448881149292
0.8412704467773438
1.4605355262756348
1.415077567100525
0.9216526746749878
1.3014447689056396
1.1764447689056396
1.142353892326355
1.0512765645980835
1.4085876941680908
1.3639448881149292
1.3017535209655762
1.2178149223327637
1.433797836303711
1.3531863689422607
1.518545389175415
1.4085876941680908
1.4381896257400513
1.4926214218139648
1.374974250793457
1.4014447927474976
1.5514448881149292
1.5514447689056396
1.3292226791381836
1.374974250793457
1.5059902667999268
0.7702040076255798
1.4014447927474976
1.3014447689056396
1.5514447689056396
1.3772990703582764
1.4562066793441772
1.5059902667999268
1.3609685897827148
1.442957878112793
1.2437525987625122
1.3014447689056396
1.3292226791381836
0.6484670042991638
0.9218915104866028
1.3514474630355835
1.4360601902008057
1.5053391456604004
1.2657101154327393
1.2787175178527832
1.4181115627288818
1.446678638458252
1.3739726543426514
1.5114448070526123
0.7854061722755432
1.2014448642730713
1.374974250793457
1.3847782611846924
1.218111515045166
1.4085876941680908
1.2514448165893555
1.4150811433792114
1.2461916208267212
1.5514448881149292
1.4360601902008057
1.433797836303711
1.4514448642730713
1.3014447689056396
1.3014448881149292
1.4264447689056396
1.4562066793441772
1.1134783029556274
1.3514448404312134
1.4150811433792114
1.4514448642730713
1.3009659051895142
1.5514448881149292
1.2389447689056396
1.284778118133545
1.2052909135818481
1.2389447689056396
1.1866141557693481
1.3014448881149292
1.5514447689056396
1.4605357646942139
0.9221808910369873
1.4150811433792114
1.5038257837295532
1.4562066793441772
1.5514448881149292
1.3980234861373901
1.5059902667999268
1.4014447927474976
0.9514448046684265
1.3847782611846924
1.369626522064209
1.3292226791381836
0.6866363286972046
1.4889448881149292
1.4889448881149292
1.5079666376113892
1.3241721391677856
0.8574358224868774
1.4403338432312012
1.3514447212219238
0.9052143692970276
1.4085876941680908
1.5514448881149292
0.7505651712417603
1.2573270797729492
1.3340535163879395
1.329222559928894
1.3241721391677856
1.4264448881149292
1.1139447689056396
0.7710820436477661
0.6226421594619751
1.5038257837295532
1.4562066793441772
1.4403338432312012
1.3514448404312134
1.3514447212219238
0.9776502251625061
1.4745217561721802
1.4085876941680908
1.5038257837295532
1.5514448881149292
1.1139447689056396
1.4127726554870605
1.4085876941680908
1.5514447689056396
1.263020396232605
0.7791680693626404
1.3466187715530396
1.2435261011123657
1.243752360343933
1.4085876941680908
1.4562066793441772
1.4264448881149292
1.3206754922866821
1.4014447927474976
1.3696266412734985
1.4562066793441772
1.13774836063385
1.3292226791381836
0.8853157758712769
1.369626522064209
1.2014448642730713
1.4085876941680908
1.2763824462890625
1.4641156196594238
1.3405466079711914
1.4562066793441772
1.151392936706543
1.3342373371124268
1.2787175178527832
1.5514448881149292
1.3514448404312134
1.4265224933624268
1.3784223794937134
0.899090588092804
1.1139447689056396
1.1514447927474976
1.4926214218139648
1.357037901878357
0.9301283359527588
1.2657305002212524
1.3241721391677856
1.4847781658172607
1.4605357646942139
1.4181115627288818
1.270176649093628
1.1514447927474976
1.3014448881149292
0.773463785648346
1.218111515045166
1.2905751466751099
1.4745217561721802
1.5275788307189941
1.3014447689056396
1.1727066040039062
1.5285228490829468
1.4085876941680908
1.433995008468628
1.3975987434387207
1.4605357646942139
1.4403338432312012
1.4605357646942139
1.4514448642730713
1.1985037326812744
1.1139447689056396
1.5038257837295532
0.6512830257415771
1.3292226791381836
1.4562066793441772
0.7529498338699341
1.3161507844924927
1.4926214218139648
1.4150811433792114
1.218111515045166
1.1985036134719849
1.3014447689056396
0.6351879239082336
0.8639447689056396
0.769332766532898
1.4014447927474976
1.4293947219848633
0.9877759218215942
1.4426802396774292
1.4403338432312012
1.1764447689056396
1.5514448881149292
0.8240951895713806
0.9086213707923889
1.4085876941680908
1.374974250793457
1.3922826051712036
1.5059902667999268
1.3847782611846924
1.471444845199585
1.3847782611846924
1.3114447593688965
1.5514448881149292
1.4562066793441772
1.3639448881149292
1.3398375511169434
1.4403338432312012
1.3340535163879395
1.5038257837295532
1.3847782611846924
1.3914446830749512
1.2736674547195435
1.4840182065963745
1.4403338432312012
1.1625559329986572
1.3133496046066284
1.3975987434387207
1.4150811433792114
1.3847782611846924
0.9165564179420471
1.4890156984329224
1.3206754922866821
1.4605357646942139
1.4085876941680908
0.6203672289848328
1.5114448070526123
1.3639447689056396
1.332545518875122
0.6657375693321228
1.0514447689056396
1.3021466732025146
1.3639447689056396
1.5514448881149292
0.7697489261627197
1.3696266412734985
0.7617377638816833
1.1764447689056396
1.324172019958496
1.3615249395370483
1.0514447689056396
1.0514447689056396
0.94532710313797
1.5514448881149292
1.2736660242080688
1.2573270797729492
1.4314448833465576
1.5275386571884155
1.433797836303711
0.7669015526771545
1.1393227577209473
1.493670105934143
1.4562066793441772
1.433797836303711
0.891844630241394
1.3696266412734985
1.4085876941680908
1.4926214218139648
1.4562066793441772
1.4085876941680908
1.1139447689056396
1.2014448642730713
1.2514448165893555
1.2573271989822388
1.4562066793441772
1.3475663661956787
1.139680027961731
1.4014447927474976
1.4745217561721802
1.4228487014770508
0.9120393991470337
0.9890133738517761
1.218111515045166
1.4181115627288818
1.505964994430542
1.4958893060684204
1.2573271989822388
1.5308140516281128
1.433797836303711
1.1139447689056396
1.2465686798095703
1.4514448642730713
1.4263216257095337
1.284778118133545
1.4327532052993774
1.4605355262756348
1.3241721391677856
1.218111515045166
1.4085876941680908
1.3114447593688965
1.2389447689056396
0.7795116901397705
1.4847781658172607
1.4085876941680908
1.3514448404312134
1.5059902667999268
1.311444878578186
1.3292226791381836
0.9748349785804749
1.4123092889785767
0.7833284139633179
1.2787175178527832
1.3696266412734985
1.3639447689056396
1.4150811433792114
1.433797836303711
0.659850537776947
1.4958893060684204
1.1625559329986572
1.4314446449279785
0.7279899716377258
1.0306466817855835
1.3014447689056396
1.3775317668914795
1.3609685897827148
1.324172019958496
1.4745217561721802
1.218111515045166
1.5038257837295532
0.940097451210022
1.4360601902008057
1.4085876941680908
1.3990647792816162
1.5059902667999268
1.4245914220809937
1.4889448881149292
1.3914446830749512
1.1139447689056396
1.265729308128357
1.5038257837295532
1.374974250793457
1.1139447689056396
1.4847781658172607
1.5014448165893555
0.9066530466079712
1.3845157623291016
0.7752373814582825
1.5514447689056396
0.7709329724311829
1.0808565616607666
1.4085876941680908
1.4264447689056396
1.0514447689056396
1.4360601902008057
1.4014447927474976
1.4562066793441772
1.2657305002212524
1.5059902667999268
1.3639448881149292
1.3133496046066284
1.3591370582580566
1.4605357646942139
1.2588428258895874
1.4181115627288818
1.3796515464782715
1.4958893060684204
1.1985036134719849
1.2736670970916748
1.4605357646942139
1.3930270671844482
1.2573271989822388
1.5514447689056396
0.6186482906341553
1.1764447689056396
1.4926214218139648
1.4085876941680908
1.4014447927474976
1.284778118133545
1.311444878578186
1.2014448642730713
1.329222559928894
1.3014447689056396
1.4926214218139648
1.4514448642730713
1.3591371774673462
1.284778118133545
1.4562066793441772
1.3161507844924927
0.8946050405502319
1.243752360343933
1.3847782611846924
1.2100262641906738
1.2389447689056396
1.2752420902252197
0.9021837115287781
1.4847781658172607
1.5129833221435547
0.7710872292518616
1.5059902667999268
1.3133496046066284
1.4562066793441772
1.2736670970916748
0.9703329801559448
1.0808565616607666
1.3014448881149292
1.3775317668914795
1.3133496046066284
1.3847781419754028
1.4958893060684204
1.2222082614898682
1.139680027961731
1.471444845199585
1.4360601902008057
1.255659580230713
0.9091775417327881
1.3014448881149292
1.5514447689056396
1.3847782611846924
0.7872558832168579
1.166358232498169
1.5038257837295532
0.8947089314460754
1.2715580463409424
1.3014447689056396
1.0855967998504639
1.1764447689056396
0.6849266290664673
1.4360601902008057
1.374974250793457
1.3161507844924927
1.433797836303711
1.4314446449279785
1.311444878578186
1.1625559329986572
1.4605357646942139
1.4085876941680908
1.4360601902008057
0.9288082122802734
1.4085876941680908
1.5014448165893555
1.5014448165893555
1.4085876941680908
1.1764447689056396
1.3609685897827148
1.4181115627288818
0.6548877954483032
1.468820333480835
1.3514447212219238
1.5059902667999268
1.4314448833465576
1.1014448404312134
1.2573271989822388
1.324172019958496
1.4014447927474976
1.2389448881149292
1.2514448165893555
1.3639448881149292
1.4085876941680908
1.4150811433792114
1.403945803642273
1.3775317668914795
1.433797836303711
1.4605357646942139
1.5038257837295532
1.4958893060684204
1.383252739906311
1.2514448165893555
1.0510542392730713
1.4403338432312012
0.7323180437088013
0.8002640008926392
1.5014448165893555
1.2181113958358765
1.3217734098434448
0.9066484570503235
1.2787175178527832
1.4558846950531006
1.3639447689056396
1.3133496046066284
1.4605357646942139
1.4605357646942139
1.2423614263534546
1.5514448881149292
1.329222559928894
1.3206754922866821
1.3847781419754028
1.2389447689056396
1.3975987434387207
1.4014447927474976
0.6487361192703247
1.5059902667999268
1.3014448881149292
0.900133490562439
1.1894463300704956
1.4745217561721802
1.1625559329986572
1.3014447689056396
1.019309163093567
1.374974250793457
1.3206754922866821
1.4150811433792114
1.4562066793441772
0.771295964717865
1.3591371774673462
1.4360601902008057
0.9030118584632874
1.4958893060684204
1.0808552503585815
1.433797836303711
1.3161506652832031
1.2736669778823853
1.3514448404312134
1.1514447927474976
1.2736670970916748
0.7401905059814453
1.3014448881149292
1.4911525249481201
1.3514448404312134
1.3161507844924927
1.4605357646942139
1.2052991390228271
0.7631605267524719
1.4562066793441772
1.329222559928894
1.433797836303711
0.9138545989990234
1.4605357646942139
1.4150811433792114
1.4181115627288818
1.5514447689056396
1.4403338432312012
1.3292226791381836
0.9597809314727783
1.3241721391677856
1.4014447927474976
1.4085876941680908
0.6751511096954346
1.3775317668914795
1.2290451526641846
1.4181115627288818
1.5038257837295532
1.4403338432312012
1.5514447689056396
1.4605355262756348
1.3639452457427979
1.1423512697219849
1.369626522064209
1.3014447689056396
1.3847781419754028
1.4314446449279785
1.4926214218139648
1.0514447689056396
1.2787175178527832
1.1514455080032349
1.4644882678985596
1.5514447689056396
1.2657305002212524
1.3014447689056396
1.3639447689056396
1.3609685897827148
0.7486355900764465
1.5514447689056396
1.3133496046066284
1.4847781658172607
1.3914448022842407
1.3914446830749512
1.4562066793441772
1.218111515045166
1.4514448642730713
1.324172019958496
1.4210100173950195
1.4562066793441772
0.9718186259269714
1.4926214218139648
1.3609685897827148
1.329222559928894
1.3133496046066284
1.4360601902008057
1.4644882678985596
1.433797836303711
1.4562066793441772
1.3696266412734985
1.212328314781189
1.4085876941680908
1.5514448881149292
1.2952929735183716
1.3206756114959717
0.6181626915931702
1.3603456020355225
0.8139325976371765
1.4314446449279785
1.4085876941680908
1.4958893060684204
1.3014448881149292
1.2736669778823853
0.7492199540138245
1.433797836303711
1.4210100173950195
1.1500940322875977
1.332405686378479
1.142353892326355
1.3014447689056396
1.3847781419754028
1.5038257837295532
1.4085876941680908
1.4847781658172607
1.4314454793930054
1.3847781419754028
1.2905752658843994
0.9830567240715027
1.5059902667999268
1.4605357646942139
1.3114447593688965
1.5514447689056396
0.9182885885238647
1.3847782611846924
1.5199230909347534
1.2032076120376587
1.2389447689056396
1.4150811433792114
1.5514447689056396
1.3114447593688965
1.3609685897827148
0.903531551361084
0.7403314709663391
1.5129833221435547
1.3014447689056396
1.1014448404312134
1.5038257837295532
1.4720884561538696
1.0514447689056396
1.3975987434387207
1.4150811433792114
0.9414920210838318
1.4403337240219116
1.4403338432312012
1.4300094842910767
1.2389447689056396
0.8925836682319641
1.1878083944320679
1.369626522064209
1.1985037326812744
1.3514448404312134
1.3514448404312134
1.3014447689056396
1.0808565616607666
1.3014447689056396
1.3161507844924927
1.4514448642730713
1.1985036134719849
1.284778118133545
1.4798239469528198
1.4181114435195923
1.374974250793457
1.3161507844924927
1.3591371774673462
1.369626522064209
1.4403338432312012
1.3609685897827148
0.6828688979148865
1.305729627609253
1.1764447689056396
1.3514448404312134
1.2052909135818481
0.7694683074951172
1.3514448404312134
1.3014447689056396
1.4314446449279785
1.1764447689056396
1.5038257837295532
1.433797836303711
1.4847781658172607
1.1764447689056396
1.3514448404312134
1.4605355262756348
1.5127699375152588
0.917408287525177
1.142353892326355
1.4085876941680908
1.4425768852233887
1.4958893060684204
1.4926214218139648
1.3292226791381836
1.3133496046066284
1.2014448642730713
0.7739296555519104
1.5038257837295532
1.243752360343933
1.5059902667999268
1.2514448165893555
1.4085876941680908
1.4403338432312012
1.4403338432312012
1.3591371774673462
1.3609685897827148
1.3014447689056396
1.4403338432312012
1.1625559329986572
1.5514447689056396
0.9062190055847168
1.3639447689056396
0.9721947908401489
1.218111515045166
1.3847781419754028
1.4085876941680908
1.3133496046066284
1.3377383947372437
1.4314446449279785
1.1139447689056396
1.4629440307617188
1.4403338432312012
1.433797836303711
1.5059902667999268
1.4181115627288818
1.5059902667999268
1.5038257837295532
1.4014447927474976
1.3161506652832031
0.9505295157432556
1.2787175178527832
1.3696266412734985
1.4314448833465576
1.3514447212219238
1.3206756114959717
1.3161507844924927
1.4562066793441772
1.051418423652649
1.2389447689056396
1.5038257837295532
1.4514448642730713
1.3562225103378296
1.258012294769287
0.778393030166626
1.5129833221435547
1.3292226791381836
1.4085876941680908
0.6546521186828613
1.4014897346496582
1.374974250793457
1.1789867877960205
0.6083174347877502
1.4605357646942139
1.4360601902008057
1.3514447212219238
1.139680027961731
1.2736670970916748
1.369626522064209
1.4889448881149292
0.7848619222640991
1.3014447689056396
1.4014447927474976
0.9250466227531433
1.5014448165893555
0.7397525310516357
1.369626522064209
