1.3843963146209717
1.380839467048645
1.3782564401626587
1.3724004030227661
1.4317865371704102
1.376003623008728
1.316705584526062
1.376142144203186
1.474078893661499
1.4317370653152466
1.2969247102737427
1.3351188898086548
1.3559712171554565
1.3558181524276733
1.3848865032196045
1.2763828039169312
1.326716661453247
1.3267314434051514
1.4716310501098633
1.543729305267334
1.3676360845565796
1.354827880859375
1.0714229345321655
1.417617917060852
1.2813948392868042
1.3506550788879395
1.5105104446411133
1.5019789934158325
1.0507128238677979
1.2988919019699097
1.6099048852920532
1.4670848846435547
1.3657134771347046
1.308651089668274
1.4978868961334229
1.6091076135635376
1.5209856033325195
1.417694091796875
1.6728034019470215
1.5181585550308228
1.4409393072128296
1.3750240802764893
1.5254892110824585
1.6038832664489746
1.0594074726104736
1.3380333185195923
1.5895092487335205
1.3618243932724
1.3676643371582031
1.2230597734451294
1.4383108615875244
1.319584608078003
1.3303248882293701
1.3489018678665161
1.449962854385376
1.3469151258468628
1.3284077644348145
1.6438665390014648
1.3905930519104004
1.3619188070297241
1.3499096632003784
1.070700764656067
1.5709577798843384
1.2616822719573975
1.3920879364013672
1.362003207206726
1.5739606618881226
1.5145444869995117
1.3589478731155396
1.370890736579895
1.2152891159057617
1.4453788995742798
1.2681571245193481
1.3629837036132812
1.4334075450897217
1.4450187683105469
1.4962143898010254
1.5594285726547241
1.3660352230072021
1.409572720527649
1.2826577425003052
1.394389271736145
1.393815279006958
1.4676271677017212
1.3658866882324219
1.3237749338150024
1.3625361919403076
1.4527937173843384
1.444164752960205
1.5561060905456543
1.3964414596557617
1.2949846982955933
1.31277596950531
1.3758500814437866
1.4112015962600708
1.4568414688110352
1.3564237356185913
1.4912842512130737
1.4622149467468262
1.438342571258545
1.38600492477417
1.3089369535446167
1.4919569492340088
1.365746021270752
1.4079228639602661
1.314773440361023
1.3907418251037598
1.3678150177001953
1.3956098556518555
1.423751950263977
1.3661381006240845
1.4018833637237549
1.4637877941131592
1.3750126361846924
1.4335031509399414
1.3672165870666504
1.4033308029174805
1.3806124925613403
1.3578077554702759
1.3971484899520874
1.3686827421188354
1.3769656419754028
1.4047343730926514
1.3625478744506836
1.3828017711639404
1.3678804636001587
1.3660285472869873
1.3546686172485352
1.3735429048538208
1.3685766458511353
1.3568627834320068
1.4100935459136963
1.36468505859375
1.3754512071609497
1.4514975547790527
1.3659392595291138
1.376426339149475
1.3515739440917969
1.4055713415145874
1.3861265182495117
1.371192455291748
1.36232590675354
1.3614898920059204
1.3758138418197632
1.3550865650177002
1.3670642375946045
1.385582685470581
1.3961588144302368
1.3266798257827759
1.3488565683364868
1.3683652877807617
1.3894269466400146
1.3719255924224854
1.4060354232788086
1.3717604875564575
1.367566704750061
1.4006274938583374
1.4048705101013184
1.3767136335372925
1.4059991836547852
1.346295952796936
1.4302746057510376
1.3530139923095703
1.3779157400131226
1.3527677059173584
1.4322563409805298
1.401705265045166
1.4257265329360962
1.3473435640335083
1.3882324695587158
1.3398712873458862
1.3900086879730225
1.3682571649551392
1.3929699659347534
1.374315619468689
1.4062085151672363
1.3413312435150146
1.379044771194458
1.4193264245986938
1.353409767150879
1.4207910299301147
1.360994577407837
1.398805022239685
1.3395583629608154
1.3520110845565796
1.3599339723587036
1.3774890899658203
1.3548827171325684
1.369036316871643
1.3610366582870483
1.359343409538269
1.3817524909973145
1.392321228981018
1.3647880554199219
1.3533844947814941
1.4715330600738525
1.3877507448196411
1.422917127609253
1.4315059185028076
1.3815034627914429
1.3128234148025513
1.3774181604385376
1.3672614097595215
1.4521894454956055
1.3587597608566284
1.4074589014053345
1.3509238958358765
1.364381194114685
1.4313082695007324
1.3640985488891602
1.3741556406021118
1.4413557052612305
1.4011383056640625
1.3571091890335083
1.3347777128219604
1.3958137035369873
1.3695025444030762
1.4379898309707642
1.3533096313476562
1.3566441535949707
1.3687634468078613
1.3632054328918457
1.37073814868927
1.3577438592910767
1.362052321434021
1.4235618114471436
1.413580060005188
1.4513205289840698
1.375244379043579
1.4389816522598267
1.3818747997283936
1.3636313676834106
1.3915297985076904
1.4055737257003784
1.382728099822998
1.3458337783813477
1.351425290107727
1.3560564517974854
1.3585115671157837
1.3539707660675049
1.3382784128189087
1.4031020402908325
1.3642975091934204
1.3493037223815918
1.3412213325500488
1.3922815322875977
1.4027037620544434
1.3444850444793701
1.3197731971740723
1.3696526288986206
1.407360315322876
1.3827060461044312
1.3267892599105835
1.3671107292175293
1.3905129432678223
1.3284047842025757
1.3803341388702393
1.3920215368270874
1.4660284519195557
1.3589155673980713
1.3794864416122437
1.3636293411254883
1.348502516746521
1.3572683334350586
1.433013677597046
1.4286304712295532
1.3549106121063232
1.403670072555542
1.3349547386169434
1.4211667776107788
1.3963879346847534
1.4182735681533813
1.3426790237426758
1.4170564413070679
1.4220346212387085
1.4174202680587769
1.2981059551239014
1.351166009902954
1.3872809410095215
1.3632235527038574
1.435155987739563
1.3477970361709595
1.3869086503982544
1.3472565412521362
1.4006301164627075
1.3959065675735474
1.3581064939498901
1.4285160303115845
1.3544800281524658
1.364752173423767
1.3610424995422363
1.4589061737060547
1.3858048915863037
1.3206756114959717
1.3549304008483887
1.3555669784545898
1.3679994344711304
1.3402087688446045
1.346274733543396
1.4497092962265015
1.3723499774932861
1.3663321733474731
1.4427565336227417
1.352522611618042
1.38820219039917
1.3631536960601807
1.4090343713760376
1.4289954900741577
1.3624699115753174
1.379102349281311
1.3571243286132812
1.385477066040039
1.337074637413025
1.3599112033843994
1.457277536392212
1.3520156145095825
1.361580491065979
1.3409525156021118
1.3002365827560425
1.428662896156311
1.3434669971466064
1.5207526683807373
1.3448097705841064
1.4212719202041626
1.3498526811599731
1.3454149961471558
1.3665403127670288
1.31745183467865
1.4346296787261963
1.3431371450424194
1.437970757484436
1.3865489959716797
1.3402488231658936
1.3183714151382446
1.3841015100479126
1.3370100259780884
1.405976414680481
1.3561182022094727
1.3528404235839844
1.3936094045639038
1.3684217929840088
1.3544492721557617
1.3428305387496948
1.3517186641693115
1.391066312789917
1.4100548028945923
1.4672757387161255
1.3289841413497925
1.3699209690093994
1.3532285690307617
1.3758364915847778
1.325718879699707
1.4640690088272095
1.3346173763275146
1.448617935180664
1.3760738372802734
1.3413047790527344
1.3947316408157349
1.4665125608444214
1.3222116231918335
1.4304670095443726
1.3616180419921875
1.3701914548873901
1.3365658521652222
1.3529483079910278
1.372651219367981
1.3722807168960571
1.3832536935806274
1.341933012008667
1.355961561203003
1.3664119243621826
1.401090383529663
1.3331245183944702
1.3697693347930908
1.3497443199157715
1.4309724569320679
1.3410536050796509
1.3451014757156372
1.3179576396942139
1.3799411058425903
1.3600772619247437
1.3455908298492432
1.4198637008666992
1.3912663459777832
1.3614269495010376
1.406739354133606
1.5229240655899048
1.404443383216858
1.4760316610336304
1.3498647212982178
1.4106014966964722
1.3576877117156982
1.4070030450820923
1.3272883892059326
1.340597152709961
1.349332332611084
1.3669912815093994
1.5124614238739014
1.3414794206619263
1.3200292587280273
1.3134284019470215
1.3613561391830444
1.4818111658096313
1.2646548748016357
1.3609075546264648
1.4243043661117554
1.3539222478866577
1.3467189073562622
1.4425444602966309
1.3822001218795776
1.397558569908142
1.3364496231079102
1.3684266805648804
1.391864538192749
1.2753812074661255
1.5056672096252441
1.341137409210205
1.397971510887146
1.3001161813735962
1.4137115478515625
1.268226981163025
1.3992494344711304
1.410806655883789
1.43956458568573
1.3939032554626465
1.3361455202102661
1.2794568538665771
1.471988320350647
1.4745240211486816
1.3613653182983398
1.3895772695541382
1.386465072631836
1.3278498649597168
1.3588550090789795
1.4651645421981812
1.3510332107543945
1.321327567100525
1.3704112768173218
1.2848796844482422
1.3371284008026123
1.3811289072036743
1.3744088411331177
1.3607434034347534
1.3145357370376587
1.3838253021240234
1.4521358013153076
1.3560137748718262
1.4319324493408203
1.4314626455307007
1.3540990352630615
1.415023684501648
1.2817487716674805
1.384354829788208
1.4001826047897339
1.3776293992996216
1.5241459608078003
1.3402435779571533
1.3702493906021118
1.342392921447754
1.4398040771484375
1.4695303440093994
1.3777523040771484
1.352079153060913
1.2926225662231445
1.3857353925704956
1.3860548734664917
1.4506109952926636
1.481074333190918
1.343185544013977
1.441003441810608
1.3366936445236206
1.3481087684631348
1.3873447179794312
1.4129503965377808
1.3606852293014526
1.2943319082260132
1.3966684341430664
1.345133900642395
1.3703478574752808
1.3349288702011108
1.46493399143219
1.4226658344268799
1.3671191930770874
1.4086074829101562
1.3503303527832031
1.3823397159576416
1.3546918630599976
1.3545231819152832
1.3563766479492188
1.389212727546692
1.4098316431045532
1.399970531463623
1.3611732721328735
1.3692976236343384
1.3775253295898438
1.344187617301941
1.370316743850708
1.3873364925384521
1.345564842224121
1.3048983812332153
1.3214917182922363
1.3797154426574707
1.3723793029785156
1.3421183824539185
1.349371075630188
1.3506580591201782
1.5055861473083496
1.3588498830795288
1.3528683185577393
1.4249162673950195
1.3567018508911133
1.4035167694091797
1.370161533355713
1.4112054109573364
1.3662415742874146
1.3400144577026367
1.4191439151763916
1.31080162525177
1.378068208694458
1.3326494693756104
1.469111680984497
1.3757439851760864
1.3313239812850952
1.332912802696228
1.3325607776641846
1.4985445737838745
1.379860281944275
1.357921838760376
1.2627593278884888
1.332044243812561
1.3757338523864746
1.3415372371673584
1.5250645875930786
1.4169158935546875
1.387972116470337
1.303804636001587
1.475479006767273
1.4646098613739014
1.3084698915481567
1.347744345664978
1.3552993535995483
1.347342848777771
1.3401750326156616
1.3638502359390259
1.3346201181411743
1.4179857969284058
1.3988242149353027
1.3784005641937256
1.3890552520751953
1.422606348991394
1.4430488348007202
1.309220552444458
1.3250304460525513
1.4180059432983398
1.4114532470703125
1.4087848663330078
1.4674781560897827
1.350722074508667
1.4954265356063843
1.3879413604736328
1.3685554265975952
1.315687894821167
1.3937991857528687
1.371023416519165
1.398808479309082
1.4216886758804321
1.3634282350540161
1.4071474075317383
1.4155477285385132
1.2903493642807007
1.3830511569976807
1.382928490638733
1.305951476097107
1.3358702659606934
1.3925988674163818
1.3236733675003052
1.3129867315292358
1.3292967081069946
1.3608789443969727
1.3547478914260864
1.4000213146209717
1.3621488809585571
1.3767884969711304
1.3493547439575195
1.3515909910202026
1.3957852125167847
1.3599913120269775
1.3685259819030762
1.37781822681427
1.4149609804153442
1.348317265510559
1.3500449657440186
1.3433716297149658
1.3904920816421509
1.356724500656128
1.3581818342208862
1.4775835275650024
1.3974541425704956
1.3288358449935913
1.445533275604248
1.4349733591079712
1.3153965473175049
1.3962931632995605
1.3179727792739868
1.2749748229980469
1.3285177946090698
1.2737150192260742
1.3043678998947144
1.325636863708496
1.3478233814239502
1.4461406469345093
1.5085229873657227
1.4373844861984253
1.3191083669662476
1.3029766082763672
1.3917003870010376
1.301898717880249
1.3557465076446533
1.2595747709274292
1.3129730224609375
1.4902909994125366
1.4317785501480103
1.3417953252792358
1.4002124071121216
1.29727041721344
1.3884824514389038
1.3501336574554443
1.3912153244018555
1.3294413089752197
1.3364214897155762
1.447298288345337
1.3164496421813965
1.3189349174499512
1.3357142210006714
1.3729779720306396
1.3532878160476685
1.3856430053710938
1.4234671592712402
1.3301477432250977
1.3005645275115967
1.358717679977417
1.3238556385040283
1.3036378622055054
1.3874633312225342
1.3899532556533813
1.4059878587722778
1.3404231071472168
1.3936512470245361
1.448513150215149
1.3794080018997192
1.4635095596313477
1.5507811307907104
1.312881350517273
1.3964807987213135
1.430670142173767
1.4480054378509521
1.3392729759216309
1.366584300994873
1.2352113723754883
1.323756217956543
1.3576664924621582
1.3731993436813354
1.4794635772705078
1.3187806606292725
1.5228170156478882
1.3155043125152588
1.516653060913086
1.3934659957885742
1.2520672082901
1.3293383121490479
1.3229002952575684
1.4218934774398804
1.3845019340515137
1.351060152053833
1.2034385204315186
1.3581448793411255
1.4437249898910522
1.5477595329284668
1.3329272270202637
1.2683584690093994
1.3972612619400024
1.3726043701171875
1.3997751474380493
1.2961571216583252
1.438242793083191
1.3728879690170288
1.3800456523895264
1.2937301397323608
1.39785635471344
1.3126320838928223
1.2544593811035156
1.4244054555892944
1.4840182065963745
1.3908756971359253
1.4381744861602783
1.5228204727172852
1.3294899463653564
1.390730381011963
1.3662033081054688
1.2152286767959595
1.5728986263275146
1.3333393335342407
1.501835823059082
1.4254077672958374
1.3978883028030396
1.3869688510894775
1.3124232292175293
1.3350516557693481
1.3769264221191406
1.3346675634384155
1.352982997894287
1.5174742937088013
1.3718491792678833
1.5081119537353516
1.3718585968017578
1.4073314666748047
1.4051584005355835
1.3966500759124756
1.287527084350586
1.3542135953903198
1.4349632263183594
1.366450548171997
1.247372031211853
1.4837682247161865
1.323253870010376
1.322375774383545
1.3549731969833374
1.4258061647415161
1.3650286197662354
1.3347644805908203
1.4114692211151123
1.4585548639297485
1.4101225137710571
1.4090166091918945
1.2469093799591064
1.331464409828186
1.235880732536316
1.3104732036590576
1.3789710998535156
1.2396489381790161
1.381115436553955
1.3647327423095703
1.3206636905670166
1.3039146661758423
1.303330421447754
1.4254035949707031
1.3502761125564575
1.2787338495254517
1.3771464824676514
1.5836491584777832
1.3142331838607788
1.2790448665618896
1.3901081085205078
1.3943469524383545
1.3134347200393677
1.3325932025909424
1.341387152671814
1.3737568855285645
1.4267492294311523
1.2726068496704102
1.3924691677093506
1.3110302686691284
1.3697161674499512
1.4358396530151367
1.145971655845642
1.4142401218414307
1.327601432800293
1.4796849489212036
1.3564908504486084
1.312649130821228
1.3996541500091553
1.4001837968826294
1.4524322748184204
1.369301438331604
1.3944984674453735
1.3533906936645508
1.4350172281265259
1.3326326608657837
1.3377877473831177
1.2155154943466187
1.3726133108139038
1.4517923593521118
1.454432725906372
1.4014348983764648
1.303796648979187
1.3995553255081177
1.6200087070465088
1.2734649181365967
1.2935948371887207
1.280233383178711
1.3594468832015991
1.3335540294647217
1.4457404613494873
1.293841004371643
1.4222581386566162
1.335448145866394
1.379778265953064
1.3692549467086792
1.2780481576919556
1.3408902883529663
1.3449336290359497
1.1301443576812744
1.1601321697235107
1.5421525239944458
1.341930627822876
1.5207405090332031
1.3509154319763184
1.3110783100128174
1.3976473808288574
1.4331101179122925
1.5561790466308594
1.3266291618347168
1.3413618803024292
1.4354736804962158
1.5897741317749023
1.3809010982513428
1.3615901470184326
1.4936059713363647
1.3163321018218994
1.3462458848953247
1.4314793348312378
1.4917466640472412
1.1348589658737183
1.3383026123046875
1.322901964187622
1.489323616027832
1.3944154977798462
1.3200136423110962
1.5428690910339355
1.2686183452606201
1.266406774520874
1.3796600103378296
1.4099270105361938
1.1433442831039429
1.4146713018417358
1.3766744136810303
1.4274221658706665
1.315372109413147
1.5421133041381836
1.245530128479004
1.1224831342697144
1.2788032293319702
1.387248158454895
1.4626399278640747
1.4909040927886963
1.2182163000106812
1.5511144399642944
1.4041773080825806
1.3625681400299072
1.4765889644622803
1.4241178035736084
1.4019314050674438
1.4582314491271973
1.379055380821228
1.4367332458496094
1.4271295070648193
1.4997364282608032
1.3942337036132812
1.3225302696228027
1.3281030654907227
1.4273707866668701
1.5044974088668823
1.3960189819335938
1.4224109649658203
1.4151172637939453
1.4500885009765625
1.27897047996521
1.4692754745483398
1.3024301528930664
1.1858768463134766
1.3860729932785034
1.1763685941696167
1.5335369110107422
1.1531109809875488
1.3739099502563477
1.384674310684204
1.1600680351257324
1.3044661283493042
1.3303784132003784
1.47978675365448
1.3024930953979492
1.341273307800293
1.4467698335647583
1.311712622642517
1.443913459777832
1.3433525562286377
1.2139999866485596
1.5507915019989014
1.3069324493408203
1.228630781173706
1.3579849004745483
1.2712178230285645
1.342065453529358
1.3386900424957275
1.426032304763794
1.4011787176132202
1.2632511854171753
1.5215332508087158
1.1962180137634277
1.4123719930648804
1.3319201469421387
1.3148990869522095
1.439959168434143
1.352951169013977
1.2273321151733398
1.2878100872039795
1.3744492530822754
1.2666102647781372
1.447126865386963
1.2729122638702393
1.4479427337646484
1.2873733043670654
1.3077055215835571
1.2624545097351074
1.429025650024414
1.4808380603790283
1.4303582906723022
1.2985011339187622
1.3650888204574585
1.2482439279556274
1.5544862747192383
1.5651564598083496
1.3131215572357178
1.3937119245529175
1.2193732261657715
1.490990161895752
1.2506393194198608
1.43148672580719
1.3099273443222046
1.0470601320266724
1.134200096130371
1.3395429849624634
1.6313636302947998
1.5590757131576538
1.0849473476409912
1.490121841430664
1.4185123443603516
1.3757421970367432
1.3847622871398926
1.4318742752075195
1.413705825805664
1.3173412084579468
1.4519567489624023
1.3389426469802856
1.299485445022583
1.2468576431274414
1.3097426891326904
1.620530128479004
1.272478699684143
1.2354422807693481
1.3514517545700073
1.220337152481079
1.334664225578308
1.4802385568618774
1.401529312133789
1.3430414199829102
1.0692248344421387
1.5126922130584717
1.3637793064117432
1.3160673379898071
1.4775487184524536
1.3707534074783325
1.0582302808761597
1.487605333328247
1.488203525543213
1.2727102041244507
1.4626235961914062
1.1661487817764282
1.489845871925354
1.4947508573532104
1.4937682151794434
1.419581651687622
1.4886209964752197
1.3550162315368652
1.4193048477172852
1.0355613231658936
1.4622433185577393
1.0518343448638916
1.4039838314056396
1.3781790733337402
1.484290361404419
1.474310278892517
1.4784140586853027
1.391310214996338
1.4184950590133667
1.2814134359359741
1.5202398300170898
1.4982722997665405
1.5125436782836914
1.4801644086837769
1.3072068691253662
1.359400987625122
1.485671043395996
1.197737693786621
1.261533260345459
1.328531265258789
1.4660905599594116
1.642430305480957
1.2155606746673584
1.3263261318206787
1.3726298809051514
1.3371026515960693
1.3449383974075317
1.5658572912216187
1.3875317573547363
1.3463547229766846
1.3901166915893555
1.3103001117706299
1.3218251466751099
1.4777911901474
1.5771498680114746
1.429951786994934
1.4427440166473389
1.3259176015853882
1.555542230606079
1.2921062707901
1.5478904247283936
1.4031310081481934
1.133223533630371
1.34967041015625
1.3858152627944946
1.2449043989181519
1.1076146364212036
1.2156316041946411
1.4537596702575684
1.2856521606445312
1.3401470184326172
1.4699289798736572
1.544596791267395
1.1391125917434692
1.4298861026763916
1.429198145866394
1.4716999530792236
1.2716799974441528
1.1065647602081299
1.3869022130966187
1.3403832912445068
1.3845295906066895
1.4664947986602783
1.3330934047698975
1.303192138671875
1.408852458000183
1.3801451921463013
1.2205933332443237
1.347575068473816
1.326127290725708
1.4784122705459595
1.5364614725112915
1.4166158437728882
1.4468129873275757
1.5121991634368896
1.3715569972991943
1.3728500604629517
1.3265800476074219
1.3007164001464844
1.4500200748443604
1.3169270753860474
1.2816601991653442
1.3344792127609253
1.2113116979599
1.2805523872375488
1.3225210905075073
1.4809985160827637
1.4161090850830078
1.3254926204681396
1.3038249015808105
1.451891303062439
1.3978378772735596
1.3030458688735962
1.4674081802368164
1.5106284618377686
1.2396873235702515
1.5105711221694946
1.374196171760559
1.2778955698013306
1.3975939750671387
1.2834970951080322
1.401536226272583
1.2588530778884888
1.3379876613616943
1.3006274700164795
1.3415931463241577
1.344411015510559
1.5189552307128906
1.306506872177124
1.352254867553711
1.0877721309661865
1.092788815498352
1.4165679216384888
1.4866943359375
1.6248164176940918
1.4098354578018188
1.3893377780914307
1.2526724338531494
1.406725287437439
1.4766501188278198
1.3488144874572754
1.452883243560791
1.3284850120544434
1.2972229719161987
1.3303279876708984
1.2170840501785278
1.2431490421295166
1.085703730583191
1.4193470478057861
1.3828908205032349
1.2753469944000244
1.3727878332138062
1.4182226657867432
1.460006833076477
1.4458636045455933
1.4217479228973389
1.3066192865371704
1.3194326162338257
1.4244530200958252
1.3201842308044434
1.3285800218582153
1.1169337034225464
1.3014485836029053
1.403555154800415
1.4393635988235474
1.4462426900863647
1.365395426750183
1.5708988904953003
1.3929941654205322
1.2777762413024902
1.541959524154663
1.4543508291244507
1.4473994970321655
1.514417290687561
1.6082866191864014
1.4877305030822754
1.4552332162857056
1.3891321420669556
1.3906450271606445
1.3621340990066528
1.2659333944320679
1.2980116605758667
1.2430191040039062
1.4129114151000977
1.4931939840316772
1.335121750831604
1.3897433280944824
1.3819034099578857
1.385146141052246
1.409467339515686
1.1122539043426514
1.2518727779388428
1.3654685020446777
1.2528643608093262
1.3304063081741333
1.3893558979034424
1.4480063915252686
1.4322834014892578
1.3711788654327393
1.4507611989974976
1.3424558639526367
1.563413381576538
1.4708889722824097
1.2385258674621582
1.4529796838760376
1.465889811515808
1.3608527183532715
1.2783397436141968
1.3269579410552979
1.2025541067123413
1.3426448106765747
1.1509979963302612
1.4612799882888794
1.3050864934921265
1.1457546949386597
1.5342483520507812
1.3732210397720337
1.416011095046997
1.3242932558059692
1.371761679649353
1.188759684562683
1.3628208637237549
1.2982007265090942
1.4094016551971436
1.206004023551941
1.3307139873504639
1.3839439153671265
1.4197396039962769
1.3445398807525635
1.2930755615234375
1.3544927835464478
1.4178317785263062
1.4356451034545898
1.4142910242080688
1.3911386728286743
1.2684948444366455
1.457595705986023
1.5411218404769897
1.287955641746521
1.3445771932601929
1.4751248359680176
1.3493530750274658
1.3395335674285889
1.281947374343872
1.35381019115448
1.187839388847351
1.3949520587921143
1.327311396598816
1.2572007179260254
1.439936637878418
1.3902857303619385
1.2782859802246094
1.1329095363616943
1.424371600151062
1.3391501903533936
1.3060733079910278
1.2431983947753906
1.3398327827453613
1.58023202419281
1.367799162864685
1.322339653968811
1.380042314529419
1.4206143617630005
1.4928057193756104
1.2304775714874268
1.2392069101333618
1.450355052947998
1.3891266584396362
1.5074272155761719
1.0836526155471802
1.4060235023498535
1.2993247509002686
1.3074356317520142
1.3393810987472534
1.3961498737335205
1.376471996307373
1.5421680212020874
1.2710821628570557
1.3208190202713013
1.34284508228302
1.374503493309021
1.35393226146698
1.274043321609497
1.4349873065948486
1.3571995496749878
1.422562837600708
1.5780729055404663
1.1629823446273804
0.972745418548584
1.3924651145935059
1.623692274093628
1.526618480682373
1.561456322669983
1.4949297904968262
1.4897841215133667
1.3713244199752808
0.9982406497001648
1.3205431699752808
1.4432132244110107
1.4121086597442627
1.3593716621398926
1.3746685981750488
1.5683457851409912
1.0163313150405884
1.2789535522460938
1.542646884918213
1.5837777853012085
1.4215096235275269
1.391876220703125
1.5579982995986938
1.2701760530471802
1.1997392177581787
1.493149757385254
1.4874709844589233
1.3083465099334717
1.4392940998077393
1.3253775835037231
1.293423056602478
1.3110955953598022
1.1735830307006836
1.6325643062591553
1.4319967031478882
1.2121212482452393
1.2817178964614868
1.2394161224365234
1.3831713199615479
1.3787612915039062
1.3041203022003174
1.3355075120925903
1.2465977668762207
1.4264092445373535
1.0700474977493286
1.3620448112487793
1.5032246112823486
1.524762511253357
1.4358488321304321
1.2496387958526611
1.5173134803771973
1.4904273748397827
1.4433292150497437
1.497343897819519
1.3434339761734009
1.0280389785766602
1.25623619556427
1.3244003057479858
1.3519185781478882
1.189655065536499
1.4493913650512695
1.4074262380599976
1.3586102724075317
1.4738049507141113
1.538020133972168
1.3501079082489014
1.3981304168701172
1.2014950513839722
1.0204427242279053
1.4199365377426147
1.3985129594802856
1.3457340002059937
1.0196154117584229
1.3656588792800903
1.2182141542434692
1.3577717542648315
1.5152947902679443
1.6034685373306274
1.3555105924606323
1.3009241819381714
1.4225364923477173
1.509268879890442
1.2738847732543945
1.5723459720611572
1.4541378021240234
1.3121702671051025
1.6040254831314087
1.5737738609313965
1.3494688272476196
1.3216882944107056
1.3685595989227295
0.9866087436676025
1.3189899921417236
1.3421478271484375
1.5304811000823975
1.3160275220870972
1.348191499710083
1.3617136478424072
1.0997697114944458
1.3620433807373047
1.311712622642517
1.641269326210022
1.523498296737671
1.6045193672180176
1.3429558277130127
1.5771490335464478
1.5093739032745361
1.3608524799346924
1.1795400381088257
1.5314950942993164
1.185282826423645
1.2427504062652588
1.3436328172683716
1.002570390701294
1.3082846403121948
1.2934722900390625
1.3811430931091309
1.4217891693115234
1.3784395456314087
1.419236421585083
1.2065343856811523
1.3096617460250854
1.254560112953186
1.411498785018921
1.2765400409698486
1.019845962524414
1.5037000179290771
1.337799072265625
1.2956453561782837
1.2201100587844849
1.3193880319595337
1.52395761013031
1.4888728857040405
1.5876463651657104
0.9576961398124695
1.392932653427124
1.4242738485336304
1.5682770013809204
1.1755605936050415
1.2202595472335815
1.503684163093567
1.3364793062210083
1.3160297870635986
1.4833126068115234
1.2503303289413452
1.2761895656585693
1.3299143314361572
1.410006046295166
1.6655869483947754
1.4624892473220825
1.422991156578064
1.3564878702163696
1.258854866027832
0.9808674454689026
1.30648934841156
1.55278480052948
1.4352830648422241
1.439283847808838
1.3524211645126343
1.647502064704895
1.2963173389434814
1.2499667406082153
1.4961198568344116
1.2801440954208374
1.4949167966842651
1.4314618110656738
1.5724692344665527
1.2626771926879883
1.3811671733856201
1.624585747718811
1.35288405418396
1.44106125831604
1.3920484781265259
1.4361376762390137
1.1663340330123901
1.2478853464126587
1.5802613496780396
1.4791474342346191
1.3389475345611572
1.3306280374526978
1.4836961030960083
1.3602447509765625
1.3164958953857422
1.4699733257293701
1.381172776222229
1.2132089138031006
1.399157166481018
1.3373134136199951
1.3886680603027344
1.3169389963150024
1.2069212198257446
1.5553784370422363
1.313372015953064
1.1750596761703491
1.3576653003692627
1.4939864873886108
1.546331524848938
1.2357397079467773
1.4013619422912598
1.2961881160736084
1.2891496419906616
1.3001261949539185
1.356718897819519
1.5001920461654663
1.334492802619934
1.4501168727874756
1.380266547203064
1.3229267597198486
1.4457035064697266
1.5322749614715576
1.0521562099456787
1.4887280464172363
1.5245463848114014
1.5629596710205078
1.4625061750411987
1.3059455156326294
1.2675741910934448
1.5025815963745117
1.3051605224609375
1.2685612440109253
1.5088251829147339
1.577200174331665
1.4601671695709229
1.388853669166565
1.3449516296386719
1.2587149143218994
1.4011387825012207
1.3844337463378906
1.3607295751571655
1.4762225151062012
1.234012246131897
1.5034726858139038
1.388199806213379
1.4556792974472046
1.1975451707839966
1.3077250719070435
1.4805341958999634
1.3100098371505737
1.2962121963500977
1.107825756072998
1.3355820178985596
1.412988305091858
1.3903883695602417
1.3631328344345093
1.3484361171722412
1.3347653150558472
1.290382981300354
1.541588306427002
1.1943669319152832
1.3163198232650757
1.3160839080810547
1.0753577947616577
1.4074887037277222
1.322200894355774
1.5138534307479858
1.3941904306411743
1.4240599870681763
1.4337987899780273
1.3826560974121094
1.5132713317871094
1.3964853286743164
1.3528656959533691
1.3471627235412598
1.4676780700683594
1.255924105644226
1.5408260822296143
1.045356035232544
1.2130409479141235
1.6135261058807373
1.3286138772964478
1.2218177318572998
1.4770225286483765
1.496537208557129
1.393710732460022
1.5718727111816406
1.042429804801941
1.3997774124145508
1.210443139076233
1.442676305770874
1.0380786657333374
1.2303507328033447
1.3632999658584595
1.4790500402450562
1.3870980739593506
1.3687986135482788
1.3137271404266357
1.3370355367660522
1.3030953407287598
1.5266211032867432
1.309421420097351
1.2124799489974976
1.5267436504364014
1.2803447246551514
1.3242988586425781
1.434682011604309
1.0343809127807617
1.2656311988830566
1.4831862449645996
1.5620876550674438
1.4713764190673828
1.292222499847412
1.3761826753616333
1.6103156805038452
1.634354829788208
1.372054934501648
1.4080499410629272
1.3167084455490112
1.4435503482818604
1.4267454147338867
1.3410640954971313
1.2584863901138306
1.3239845037460327
1.5733710527420044
1.2628511190414429
1.494214415550232
1.1909542083740234
1.5342860221862793
1.4174864292144775
1.3391962051391602
1.5499157905578613
1.4298536777496338
1.2934774160385132
1.5078567266464233
1.3906421661376953
1.3271020650863647
1.3166189193725586
1.4238780736923218
1.4002788066864014
1.5431605577468872
1.4072318077087402
1.3113398551940918
1.3001792430877686
1.4464303255081177
1.3840090036392212
1.1206763982772827
1.4220728874206543
1.2809796333312988
1.380171775817871
1.3962907791137695
1.448105812072754
1.436293363571167
1.393782138824463
1.1482352018356323
1.3163045644760132
1.4268227815628052
1.3987038135528564
1.3537859916687012
1.3209604024887085
1.2748079299926758
1.1669832468032837
1.3347748517990112
1.4251585006713867
1.456398844718933
1.349510908126831
1.1343748569488525
1.2659953832626343
1.4078516960144043
1.3346939086914062
1.4464521408081055
1.4993563890457153
1.472424030303955
1.294237494468689
1.4097261428833008
1.3220025300979614
1.3978948593139648
1.3438775539398193
1.3388702869415283
1.4712088108062744
1.4210976362228394
1.328223705291748
1.5370229482650757
1.1446210145950317
1.4299829006195068
1.1534017324447632
1.4436761140823364
1.2807111740112305
1.094628930091858
1.3293575048446655
1.0927098989486694
1.317600965499878
1.4893486499786377
1.4404081106185913
1.349654197692871
1.3448578119277954
1.3256523609161377
1.408611536026001
1.2837868928909302
1.2964954376220703
1.3985062837600708
1.250929832458496
1.3185769319534302
1.4154164791107178
1.4542664289474487
1.6230182647705078
1.4138764142990112
1.3568353652954102
1.425824522972107
1.2765157222747803
1.4377180337905884
1.4405739307403564
1.3133467435836792
1.2267454862594604
1.4260668754577637
1.3589876890182495
1.277981162071228
1.3315861225128174
1.6071672439575195
1.3476299047470093
1.4535962343215942
1.511992335319519
1.3651999235153198
1.3554829359054565
1.4574594497680664
1.3096400499343872
1.5432687997817993
1.296947717666626
1.4128952026367188
1.3099726438522339
1.5344760417938232
1.478209137916565
1.284407377243042
1.5732625722885132
1.3179420232772827
1.278294324874878
1.4300556182861328
1.4791892766952515
1.5723243951797485
1.30107843875885
1.3178201913833618
1.2586588859558105
1.3661754131317139
1.5315021276474
1.3197202682495117
1.3478060960769653
1.3342540264129639
1.3220568895339966
1.4308817386627197
