1.3388599157333374
1.3487061262130737
1.368573784828186
1.4452093839645386
1.3522530794143677
1.3870549201965332
1.4541099071502686
1.3761788606643677
1.3808445930480957
1.3792496919631958
1.309666633605957
1.3323707580566406
1.452646017074585
1.3497493267059326
1.3354111909866333
1.4327141046524048
1.3521159887313843
1.3828188180923462
1.35611093044281
1.4100204706192017
1.3933993577957153
1.3088009357452393
1.4190126657485962
1.4534283876419067
1.3161590099334717
1.3922998905181885
1.3763600587844849
1.3481600284576416
1.3078584671020508
1.377882719039917
1.3813163042068481
1.4497594833374023
1.3546193838119507
1.3853449821472168
1.3456932306289673
1.3529400825500488
1.3723911046981812
1.4454041719436646
1.3517284393310547
1.4032280445098877
1.372776985168457
1.4442708492279053
1.4160500764846802
1.4021239280700684
1.3867522478103638
1.3644218444824219
1.34557044506073
1.3778690099716187
1.3661361932754517
1.4473321437835693
1.3862004280090332
1.364111304283142
1.402854084968567
1.3752336502075195
1.4017506837844849
1.376596212387085
1.4016133546829224
1.4086284637451172
1.3191988468170166
1.4056674242019653
1.3634490966796875
1.4173238277435303
1.3788328170776367
1.3836719989776611
1.3697175979614258
1.3534654378890991
1.3703103065490723
1.4496034383773804
1.4491666555404663
1.420774221420288
1.4055700302124023
1.3549443483352661
1.3409395217895508
1.4183034896850586
1.3547111749649048
1.3784141540527344
1.3653411865234375
1.365338921546936
1.4445689916610718
1.2994941473007202
1.3125754594802856
1.3059724569320679
1.4255238771438599
1.4516996145248413
1.327404499053955
1.3538095951080322
1.3653696775436401
1.4189167022705078
1.3724335432052612
1.3881701231002808
1.4440659284591675
1.3757967948913574
1.371096134185791
1.4224164485931396
1.4473968744277954
1.3527085781097412
1.3999407291412354
1.3681015968322754
1.3798271417617798
1.4105465412139893
1.3745282888412476
1.4121156930923462
1.3432800769805908
1.3647980690002441
1.4493365287780762
1.3666623830795288
1.309839129447937
1.3016632795333862
1.3841270208358765
1.3939927816390991
1.3680992126464844
1.396314263343811
1.368446707725525
1.3893052339553833
1.3879599571228027
1.3634041547775269
1.368440866470337
1.375404953956604
1.403219223022461
1.3023185729980469
1.3309531211853027
1.4268940687179565
1.450626254081726
1.3502408266067505
1.3728444576263428
1.449133038520813
1.3498828411102295
1.4500060081481934
1.3014801740646362
1.3617439270019531
1.380263090133667
1.398665428161621
1.3457448482513428
1.2926914691925049
1.4505634307861328
1.3822033405303955
1.4295320510864258
1.3529006242752075
1.3758742809295654
1.4427064657211304
1.4478521347045898
1.393898606300354
1.44858717918396
1.362029790878296
1.4483728408813477
1.3395622968673706
1.3977724313735962
1.3507047891616821
1.3261531591415405
1.4195246696472168
1.2924896478652954
1.400843858718872
1.3519525527954102
1.3920804262161255
1.3780213594436646
1.3586534261703491
1.3719042539596558
1.4522002935409546
1.3717355728149414
1.3863950967788696
1.2913203239440918
1.367098093032837
1.3820626735687256
1.37160062789917
1.3329797983169556
1.4531641006469727
1.3758704662322998
1.2898672819137573
1.3710503578186035
1.4503287076950073
1.3647935390472412
1.3705122470855713
1.3631927967071533
1.3504714965820312
1.378537654876709
1.2933366298675537
1.4055849313735962
1.3763771057128906
1.3962956666946411
1.398436188697815
1.291840672492981
1.4017679691314697
1.3715652227401733
1.4475681781768799
1.3853862285614014
1.3862810134887695
1.3819923400878906
1.3678319454193115
1.3609013557434082
1.3462653160095215
1.2865800857543945
1.3887994289398193
1.3888581991195679
1.3262518644332886
1.3506355285644531
1.3256564140319824
1.4463188648223877
1.446259617805481
1.373153805732727
1.396966814994812
1.446690559387207
1.4447085857391357
1.3526222705841064
1.2936166524887085
1.3898037672042847
1.3170862197875977
1.3743375539779663
1.2875486612319946
1.3690370321273804
1.2818424701690674
1.4204145669937134
1.2897119522094727
1.338688850402832
1.3653637170791626
1.3915594816207886
1.372128963470459
1.4126851558685303
1.349465250968933
1.4447685480117798
1.4389755725860596
1.3894076347351074
1.46554696559906
1.3449275493621826
1.3620882034301758
1.4041210412979126
1.3652359247207642
1.3692452907562256
1.4210832118988037
1.3699932098388672
1.360283613204956
1.3895916938781738
1.36873197555542
1.414297103881836
1.4457215070724487
1.4560216665267944
1.3483256101608276
1.3353267908096313
1.3753173351287842
1.3282822370529175
1.3673118352890015
1.3998545408248901
1.436131238937378
1.4628304243087769
1.3603097200393677
1.363197922706604
1.3033900260925293
1.3882662057876587
1.4350839853286743
1.415855050086975
1.4493788480758667
1.437200903892517
1.353672981262207
1.4056447744369507
1.31783127784729
1.3633499145507812
1.2986525297164917
1.3631172180175781
1.3533964157104492
1.4440362453460693
1.440769076347351
1.3838645219802856
1.3600600957870483
1.3599793910980225
1.4135315418243408
1.2827292680740356
1.365526556968689
1.368575930595398
1.369689702987671
1.4308570623397827
1.417418360710144
1.3630485534667969
1.283616304397583
1.2790907621383667
1.3625710010528564
1.2781755924224854
1.351069450378418
1.3396227359771729
1.3925526142120361
1.3487873077392578
1.3787065744400024
1.2750356197357178
1.4402294158935547
1.3624811172485352
1.4569406509399414
1.4405746459960938
1.3113017082214355
1.3880692720413208
1.4095261096954346
1.361009120941162
1.3573338985443115
1.4581843614578247
1.3768248558044434
1.466259241104126
1.397989273071289
1.2718119621276855
1.466278314590454
1.384506106376648
1.4049351215362549
1.3857492208480835
1.395848035812378
1.4259661436080933
1.399206519126892
1.3573230504989624
1.368591070175171
1.397861123085022
1.3271080255508423
1.4196019172668457
1.36388099193573
1.3955926895141602
1.298401117324829
1.342772126197815
1.3700804710388184
1.3696649074554443
1.4343044757843018
1.4637854099273682
1.3530454635620117
1.3270177841186523
1.3780078887939453
1.4413771629333496
1.3747045993804932
1.3415188789367676
1.4520437717437744
1.3260327577590942
1.3718968629837036
1.3808298110961914
1.364358901977539
1.4410282373428345
1.3940293788909912
1.341054916381836
1.3590747117996216
1.3601223230361938
1.4051865339279175
1.4261659383773804
1.4134373664855957
1.3948438167572021
1.438608169555664
1.4040226936340332
1.4390541315078735
1.4037491083145142
1.3278237581253052
1.3832166194915771
1.3701727390289307
1.3670802116394043
1.3840889930725098
1.420680284500122
1.3623579740524292
1.2879921197891235
1.4203495979309082
1.2756354808807373
1.4057790040969849
1.3965060710906982
1.3420833349227905
1.3766424655914307
1.4692565202713013
1.4346827268600464
1.3579771518707275
1.3983778953552246
1.4502696990966797
1.3209953308105469
1.3718998432159424
1.4081491231918335
1.3243178129196167
1.3956677913665771
1.3875856399536133
1.3566274642944336
1.3473809957504272
1.3525617122650146
1.3630857467651367
1.4660232067108154
1.440742015838623
1.3076488971710205
1.4375858306884766
1.3144655227661133
1.426041841506958
1.3625482320785522
1.4044557809829712
1.370018482208252
1.3573142290115356
1.4386076927185059
1.4696228504180908
1.4404792785644531
1.4403018951416016
1.3884774446487427
1.3916230201721191
1.3532133102416992
1.3744431734085083
1.3725439310073853
1.4388054609298706
1.3928701877593994
1.3703441619873047
1.3582547903060913
1.3671646118164062
1.3557064533233643
1.3638372421264648
1.4435449838638306
1.3917371034622192
1.3832818269729614
1.3650833368301392
1.3656654357910156
1.4542988538742065
1.3382856845855713
1.2943400144577026
1.3988975286483765
1.3886579275131226
1.4379445314407349
1.2895573377609253
1.3106671571731567
1.3662835359573364
1.3592554330825806
1.2773172855377197
1.2795861959457397
1.417401671409607
1.4581172466278076
1.2759212255477905
1.40669584274292
1.3331609964370728
1.353090524673462
1.3425636291503906
1.35874342918396
1.335519552230835
1.2718818187713623
1.375854253768921
1.3947886228561401
1.3364077806472778
1.2700517177581787
1.4512790441513062
1.3063479661941528
1.364547848701477
1.3551002740859985
1.3546546697616577
1.3233802318572998
1.4331002235412598
1.3971832990646362
1.3547803163528442
1.4761624336242676
1.4357045888900757
1.3644771575927734
1.2648099660873413
1.343130111694336
1.3628379106521606
1.2849198579788208
1.391663670539856
1.3564097881317139
1.2680507898330688
1.4355806112289429
1.3766391277313232
1.2861738204956055
1.357933521270752
1.4034769535064697
1.3881938457489014
1.3516063690185547
1.3508610725402832
1.3349425792694092
1.4350870847702026
1.43582284450531
1.4107953310012817
1.4419407844543457
1.3386478424072266
1.432966709136963
1.37667977809906
1.3906093835830688
1.3950883150100708
1.3895045518875122
1.4099706411361694
1.3895574808120728
1.459347128868103
1.3740774393081665
1.4308825731277466
1.408684253692627
1.4001569747924805
1.3692430257797241
1.3570903539657593
1.3944905996322632
1.3703794479370117
1.3306506872177124
1.3999814987182617
1.4675086736679077
1.3052211999893188
1.3271735906600952
1.3982293605804443
1.4786399602890015
1.3233286142349243
1.33381986618042
1.3560152053833008
1.466040849685669
1.4133495092391968
1.4360615015029907
1.3827528953552246
1.358426570892334
1.4758325815200806
1.4673296213150024
1.3647761344909668
1.2772281169891357
1.4256986379623413
1.380153775215149
1.2610106468200684
1.3786916732788086
1.3531843423843384
1.359866738319397
1.437640905380249
1.4275538921356201
1.3597679138183594
1.347959280014038
1.392866849899292
1.361291766166687
1.32290518283844
1.3238978385925293
1.4484496116638184
1.4425822496414185
1.3614057302474976
1.3655909299850464
1.3945616483688354
1.467235803604126
1.386002540588379
1.4055743217468262
1.3834444284439087
1.3898773193359375
1.4762991666793823
1.3975051641464233
1.433708906173706
1.3580442667007446
1.4063303470611572
1.408194899559021
1.3882426023483276
1.2867355346679688
1.3478074073791504
1.4576845169067383
1.3534510135650635
1.3467469215393066
1.278108835220337
1.3904848098754883
1.3379369974136353
1.3656326532363892
1.3514559268951416
1.362029790878296
1.440936803817749
1.393276572227478
1.301918625831604
1.449506402015686
1.399656057357788
1.3171159029006958
1.3893393278121948
1.2592754364013672
1.393357515335083
1.4429295063018799
1.343817114830017
1.3843556642532349
1.402931809425354
1.4772369861602783
1.4329692125320435
1.388385534286499
1.3306571245193481
1.3846862316131592
1.2977735996246338
1.3459298610687256
1.3749561309814453
1.4410699605941772
1.3783360719680786
1.3601067066192627
1.3852083683013916
1.2923974990844727
1.3739955425262451
1.427424669265747
1.3959673643112183
1.4392836093902588
1.2810324430465698
1.465950846672058
1.3850971460342407
1.3782449960708618
1.4167022705078125
1.3473761081695557
1.2586246728897095
1.398788571357727
1.4487254619598389
1.436266541481018
1.427966594696045
1.346587896347046
1.334454894065857
1.4139070510864258
1.3723042011260986
1.3501774072647095
1.2658376693725586
1.3558169603347778
1.3475193977355957
1.466058611869812
1.2799931764602661
1.3456485271453857
1.3449609279632568
1.4333745241165161
1.430179238319397
1.405027151107788
1.2728854417800903
1.400437831878662
1.3687913417816162
1.3741366863250732
1.4293603897094727
1.362900733947754
1.3762788772583008
1.3787221908569336
1.3569765090942383
1.3610070943832397
1.4090722799301147
1.295304298400879
1.4293051958084106
1.4011685848236084
1.4375543594360352
1.3591500520706177
1.3437978029251099
1.3311164379119873
1.3536059856414795
1.3449428081512451
1.3538419008255005
1.3911813497543335
1.4390029907226562
1.2537215948104858
1.4591652154922485
1.342003345489502
1.2528855800628662
1.3273108005523682
1.3432074785232544
1.399579405784607
1.369343638420105
1.3539005517959595
1.4381003379821777
1.4690160751342773
1.4097692966461182
1.3678604364395142
1.3507990837097168
1.4504258632659912
1.2808257341384888
1.3302961587905884
1.4926953315734863
1.382446527481079
1.4013692140579224
1.3156951665878296
1.4724068641662598
1.4292428493499756
1.3910083770751953
1.3928664922714233
1.3570811748504639
1.3922247886657715
1.2568893432617188
1.3982925415039062
1.3605079650878906
1.4929230213165283
1.3236041069030762
1.4939723014831543
1.409493088722229
1.2552114725112915
1.3236879110336304
1.4120324850082397
1.3449152708053589
1.3531469106674194
1.337066888809204
1.3759205341339111
1.39145028591156
1.3093925714492798
1.446811556816101
1.3785505294799805
1.3839415311813354
1.3953344821929932
1.2466530799865723
1.2729542255401611
1.2467212677001953
1.4310426712036133
1.3725104331970215
1.4365942478179932
1.493532657623291
1.4308555126190186
1.3725941181182861
1.3506277799606323
1.3870856761932373
1.3835930824279785
1.4746533632278442
1.3432796001434326
1.3953298330307007
1.3756825923919678
1.4339165687561035
1.4708166122436523
1.4116575717926025
1.3457021713256836
1.4288697242736816
1.3780243396759033
1.3920847177505493
1.4607471227645874
1.2471613883972168
1.3528403043746948
1.362943172454834
1.491761326789856
1.4300860166549683
1.4206150770187378
1.3850935697555542
1.3484599590301514
1.4045301675796509
1.3899871110916138
1.4385346174240112
1.3903982639312744
1.2530701160430908
1.3534103631973267
1.3300808668136597
1.3538810014724731
1.2623893022537231
1.3669672012329102
1.4501733779907227
1.2460309267044067
1.3445498943328857
1.3714274168014526
1.3828661441802979
1.3531574010849
1.4043594598770142
1.39552903175354
1.3357621431350708
1.3228522539138794
1.2638609409332275
1.2825322151184082
1.4301562309265137
1.435263752937317
1.3434733152389526
1.3960838317871094
1.2878055572509766
1.3670406341552734
1.3383547067642212
1.4462847709655762
1.300872802734375
1.4099674224853516
1.3289082050323486
1.4694958925247192
1.414728045463562
1.4621089696884155
1.4631232023239136
1.330649733543396
1.3483381271362305
1.3043981790542603
1.3824833631515503
1.3823447227478027
1.4317609071731567
1.2692046165466309
1.4277526140213013
1.3568767309188843
1.3383512496948242
1.3838106393814087
1.3495814800262451
1.4319931268692017
1.3353701829910278
1.4519561529159546
1.356127142906189
1.3987550735473633
1.3559026718139648
1.2467361688613892
1.2377556562423706
1.3640084266662598
1.405880093574524
1.4130553007125854
1.3791179656982422
1.301094889640808
1.5008575916290283
1.3944265842437744
1.3469388484954834
1.42764151096344
1.3807557821273804
1.3031119108200073
1.3424010276794434
1.354783296585083
1.3906148672103882
1.4393417835235596
1.409169316291809
1.235314130783081
1.4187605381011963
1.4115070104599
1.319827675819397
1.3542238473892212
1.33893883228302
1.4091638326644897
1.3463513851165771
1.5025372505187988
1.2707732915878296
1.3411871194839478
1.3335082530975342
1.3580007553100586
1.4007718563079834
1.4850246906280518
1.4040979146957397
1.3218379020690918
1.265297293663025
1.4489167928695679
1.4133665561676025
1.3635139465332031
1.4034030437469482
1.41195809841156
1.3797566890716553
1.386322259902954
1.3115566968917847
1.351691484451294
1.3402583599090576
1.446394443511963
1.412278413772583
1.2964460849761963
1.3255107402801514
1.3316090106964111
1.3983458280563354
1.4412270784378052
1.4618091583251953
1.406944751739502
1.3909368515014648
1.3786296844482422
1.2618714570999146
1.4069554805755615
1.4653905630111694
1.3206748962402344
1.415826439857483
1.2932254076004028
1.3918336629867554
1.4597587585449219
1.3533965349197388
1.2524597644805908
1.3700768947601318
1.3790606260299683
1.3735967874526978
1.3953369855880737
1.2404385805130005
1.3345355987548828
1.5030484199523926
1.2515416145324707
1.4278079271316528
1.3944072723388672
1.4481425285339355
1.4061434268951416
1.343982458114624
1.4079328775405884
1.506384015083313
1.3328059911727905
1.354729413986206
1.4278658628463745
1.4554147720336914
1.230109691619873
1.2290829420089722
1.4015989303588867
1.4791483879089355
1.3932322263717651
1.4372557401657104
1.343405842781067
1.380225419998169
1.4350078105926514
1.34089195728302
1.3730865716934204
1.2294719219207764
1.349197268486023
1.4534177780151367
1.4762133359909058
1.5064740180969238
1.3737716674804688
1.3791687488555908
1.3535287380218506
1.33616042137146
1.3325510025024414
1.4252386093139648
1.2945746183395386
1.3336851596832275
1.401320457458496
1.246137261390686
1.4065101146697998
1.370302677154541
1.4277746677398682
1.2826895713806152
1.3542543649673462
1.4087384939193726
1.3262310028076172
1.412964940071106
1.3310811519622803
1.352842926979065
1.4552174806594849
1.40968656539917
1.3301513195037842
1.4842772483825684
1.409216284751892
1.3479766845703125
1.238078236579895
1.3041636943817139
1.2761547565460205
1.4084796905517578
1.4018179178237915
1.3991042375564575
1.4481416940689087
1.5088391304016113
1.3727667331695557
1.288688063621521
1.426609992980957
1.423267126083374
1.414034366607666
1.3788448572158813
1.3608665466308594
1.4314628839492798
1.2373801469802856
1.3591721057891846
1.4023311138153076
1.3217092752456665
1.3856312036514282
1.2690123319625854
1.41586434841156
1.3697917461395264
1.387912392616272
1.3976185321807861
1.339288592338562
1.2637022733688354
1.2570902109146118
1.2673157453536987
1.3281770944595337
1.324578046798706
1.5108003616333008
1.4771355390548706
1.3955856561660767
1.3508286476135254
1.4497371912002563
1.401489496231079
1.4219043254852295
1.464467167854309
1.400466799736023
1.428765058517456
1.3217990398406982
1.5088374614715576
1.4348745346069336
1.3857954740524292
1.3247885704040527
1.3870739936828613
1.3536255359649658
1.3383594751358032
1.3617528676986694
1.437113881111145
1.4127886295318604
1.3791296482086182
1.345205307006836
1.2252511978149414
1.4505103826522827
1.3196226358413696
1.2664276361465454
1.4272936582565308
1.4075921773910522
1.4718403816223145
1.2251185178756714
1.4225690364837646
1.3370290994644165
1.5079467296600342
1.463863492012024
1.2992037534713745
1.321706771850586
1.4825860261917114
1.371528148651123
1.3361653089523315
1.251219630241394
1.3853646516799927
1.2899879217147827
1.3452502489089966
1.415907859802246
1.4329835176467896
1.3527474403381348
1.4610543251037598
1.4098796844482422
1.335477352142334
1.5123380422592163
1.4198377132415771
1.3609851598739624
1.4761672019958496
1.223213791847229
1.4140424728393555
1.357259750366211
1.392092227935791
1.3411787748336792
1.4336293935775757
1.4205963611602783
1.39580500125885
1.3842252492904663
1.4765154123306274
1.448582410812378
1.3554528951644897
1.3873862028121948
1.4014686346054077
1.4087203741073608
1.3778477907180786
1.3583232164382935
1.33238685131073
1.3520455360412598
1.3534460067749023
1.4436155557632446
1.336561918258667
1.3305755853652954
1.3861291408538818
1.4163074493408203
1.2363343238830566
1.342789649963379
1.276872158050537
1.326655387878418
1.511998176574707
1.4088690280914307
1.4149699211120605
1.2348265647888184
1.398572325706482
1.372085452079773
1.3308360576629639
1.402018427848816
1.3851087093353271
1.4174463748931885
1.223714828491211
1.401595950126648
1.4788970947265625
1.3145276308059692
1.3876947164535522
1.2966089248657227
1.247926115989685
1.3476531505584717
1.4154168367385864
1.4006949663162231
1.3193058967590332
1.3664650917053223
1.5144755840301514
1.2938021421432495
1.418707013130188
1.5146915912628174
1.3394967317581177
1.4130293130874634
1.2463897466659546
1.5146397352218628
1.3182225227355957
1.4173825979232788
1.464388132095337
1.4178261756896973
1.3156970739364624
1.3646091222763062
1.471630573272705
1.4582757949829102
1.4696341753005981
1.4159568548202515
1.3503206968307495
1.2937825918197632
1.5095694065093994
1.22014319896698
1.429244041442871
1.3363412618637085
1.252650260925293
1.2196636199951172
1.244699478149414
1.3868529796600342
1.2649942636489868
1.2298895120620728
1.3558908700942993
1.4199937582015991
1.4141435623168945
1.3716788291931152
1.336540937423706
1.3986027240753174
1.4254430532455444
1.3958702087402344
1.4252848625183105
1.3626561164855957
1.4258296489715576
1.384684681892395
1.4335983991622925
1.3485292196273804
1.4344028234481812
1.391519546508789
1.3900038003921509
1.3757222890853882
1.3552170991897583
1.311584234237671
1.3386048078536987
1.4695675373077393
1.3664504289627075
1.3218382596969604
1.3500276803970337
1.495057463645935
1.2161742448806763
1.330046534538269
1.341792345046997
1.4096401929855347
1.4498960971832275
1.4003376960754395
1.4541267156600952
1.3350613117218018
1.2610242366790771
1.4191718101501465
1.3791967630386353
1.2865887880325317
1.4464908838272095
1.4139171838760376
1.3495640754699707
1.2605805397033691
1.3613312244415283
1.3276777267456055
1.3714269399642944
1.3562880754470825
1.415838599205017
1.401520848274231
1.4051645994186401
1.2949614524841309
1.4616596698760986
1.4071780443191528
1.519502878189087
1.3429943323135376
1.3362562656402588
1.3454489707946777
1.4530006647109985
1.3158531188964844
1.3578190803527832
1.2163883447647095
1.3291685581207275
1.41682767868042
1.3733655214309692
1.345468282699585
1.4307318925857544
1.3942941427230835
1.4699996709823608
1.399667739868164
1.4585192203521729
1.4036792516708374
1.4012517929077148
1.224713921546936
1.4238227605819702
1.348719596862793
1.5202107429504395
1.4876235723495483
1.3963887691497803
1.4199740886688232
1.3608980178833008
1.2161104679107666
1.2824198007583618
1.4228847026824951
1.330906629562378
1.320741057395935
1.3111848831176758
1.3198072910308838
1.2149603366851807
1.2144526243209839
1.4869370460510254
1.4190715551376343
1.2824978828430176
1.3918259143829346
1.5210778713226318
1.4201472997665405
1.355892300605774
1.3217582702636719
1.4746836423873901
1.2253966331481934
1.2582223415374756
1.3772764205932617
1.4186017513275146
1.4185740947723389
1.4183909893035889
1.3936811685562134
1.408245325088501
1.3836003541946411
1.3604155778884888
1.4501211643218994
1.417095422744751
1.4383244514465332
1.5169450044631958
1.3999580144882202
1.3140249252319336
1.2733228206634521
1.3894551992416382
1.2561630010604858
1.3961851596832275
1.2257002592086792
1.4185349941253662
1.313385009765625
1.3493027687072754
1.3750221729278564
1.3474451303482056
1.485091209411621
1.3478363752365112
1.4341198205947876
1.3635159730911255
1.4244204759597778
1.3322232961654663
1.3580985069274902
1.3503168821334839
1.3103784322738647
1.4177217483520508
1.4731173515319824
1.3398544788360596
1.3260756731033325
1.4031823873519897
1.4269479513168335
1.316078782081604
1.324588656425476
1.2103641033172607
1.4902654886245728
1.5053662061691284
1.4135218858718872
1.3757143020629883
1.3454281091690063
1.2950339317321777
1.4270410537719727
1.3182207345962524
1.390918254852295
1.4072941541671753
1.325350284576416
1.4993281364440918
1.4193006753921509
1.5248349905014038
1.4261367321014404
1.386487603187561
1.502742052078247
1.411581039428711
1.2108733654022217
1.2250008583068848
1.3873546123504639
1.3444689512252808
1.3609976768493652
1.3794132471084595
1.4727355241775513
1.310882568359375
1.3818864822387695
1.3408082723617554
1.5185623168945312
1.2542256116867065
1.4017159938812256
1.3660805225372314
1.3983845710754395
1.4145066738128662
1.3274799585342407
1.4502944946289062
1.3360060453414917
1.4045016765594482
1.4153650999069214
1.3098444938659668
1.3251062631607056
1.2389394044876099
1.409177541732788
1.3166147470474243
1.4090075492858887
1.4700813293457031
1.394905686378479
1.4312410354614258
1.3604077100753784
1.2099108695983887
1.41953706741333
1.3380632400512695
1.4126017093658447
1.4774651527404785
1.3582749366760254
1.3562321662902832
1.4013365507125854
1.2951542139053345
1.3543450832366943
1.2242283821105957
1.2843014001846313
1.2383476495742798
1.3279660940170288
1.4302148818969727
1.4185770750045776
1.418724775314331
1.3304790258407593
1.447906494140625
1.4320834875106812
1.3628774881362915
1.3589260578155518
1.2223200798034668
1.4583137035369873
1.27022385597229
1.4326139688491821
1.3742965459823608
1.2168970108032227
1.3105177879333496
1.4210405349731445
1.414482593536377
1.2065505981445312
1.5287694931030273
1.3069944381713867
1.336106777191162
1.4697856903076172
1.4786243438720703
1.3680073022842407
1.4009613990783691
1.4200167655944824
1.4496726989746094
1.3213927745819092
1.256739616394043
1.3133041858673096
1.2047977447509766
1.4322545528411865
1.3592162132263184
1.309630274772644
1.4317868947982788
1.4077653884887695
1.3863017559051514
1.331480860710144
1.311798095703125
1.43060302734375
1.271044373512268
1.4044755697250366
1.381404161453247
1.3390487432479858
1.4769388437271118
1.3771687746047974
1.203180193901062
1.3650457859039307
1.4169350862503052
1.510290503501892
1.2165580987930298
1.2324143648147583
1.3535337448120117
1.404183268547058
1.4077717065811157
1.319232702255249
1.5287959575653076
1.3400847911834717
1.3942798376083374
1.4350186586380005
1.4411890506744385
1.329339861869812
1.4826234579086304
1.5321100950241089
1.414115071296692
1.4171079397201538
1.297560214996338
1.3364225625991821
1.3473873138427734
1.2007098197937012
1.2899068593978882
1.4294441938400269
1.4754784107208252
1.452206015586853
1.4754940271377563
1.3257293701171875
1.2846471071243286
1.3405002355575562
1.1999447345733643
1.3579630851745605
1.3796602487564087
1.415961742401123
1.359395980834961
1.4200369119644165
1.38358473777771
1.408907413482666
1.3538222312927246
1.3051550388336182
1.3927475214004517
1.4095124006271362
1.4172587394714355
1.3215970993041992
1.4954948425292969
1.404299020767212
1.3529047966003418
1.4259202480316162
1.3991791009902954
1.398801565170288
1.2009620666503906
1.526841402053833
1.3640198707580566
1.201145052909851
1.2706259489059448
1.4095224142074585
1.2723026275634766
1.4485970735549927
1.2350988388061523
1.3472785949707031
1.3065599203109741
1.4282938241958618
1.4580254554748535
1.3187921047210693
1.427478313446045
1.4033122062683105
1.2775171995162964
1.4055538177490234
1.420166254043579
1.4377020597457886
1.3350963592529297
1.5046348571777344
1.3526629209518433
1.417733907699585
1.4863725900650024
1.358843445777893
1.199598789215088
1.3196622133255005
1.3449829816818237
1.3909580707550049
1.3464610576629639
1.4142860174179077
1.2355538606643677
1.498511791229248
1.3312485218048096
1.4212268590927124
1.301318883895874
1.3676488399505615
1.332231044769287
1.3346177339553833
1.3075538873672485
1.4647878408432007
1.3945614099502563
1.3306185007095337
1.3565491437911987
1.349890947341919
1.3063591718673706
1.4996647834777832
1.2294387817382812
1.478433609008789
1.4141135215759277
1.4098210334777832
1.2264820337295532
1.371045470237732
1.385323166847229
1.212872862815857
1.3949536085128784
1.440851092338562
1.4214837551116943
1.362644076347351
1.4826866388320923
1.5383638143539429
1.426795482635498
1.3270765542984009
1.3260877132415771
1.332506537437439
1.3724162578582764
1.2487443685531616
1.5381183624267578
1.26758873462677
1.4073460102081299
1.298818826675415
1.4562325477600098
1.4017621278762817
1.432172417640686
1.4193674325942993
1.3943767547607422
1.4169660806655884
1.4701390266418457
1.3031830787658691
1.440062403678894
1.3732725381851196
1.3148777484893799
1.5061289072036743
1.349488615989685
1.401963710784912
1.3058329820632935
1.3487720489501953
1.3682239055633545
1.3304975032806396
1.5375396013259888
1.3922314643859863
1.3292944431304932
1.4881211519241333
1.324042558670044
1.3459450006484985
1.2500431537628174
1.412144660949707
1.4104461669921875
1.200397253036499
1.4011152982711792
1.4193164110183716
1.3095401525497437
1.338633418083191
1.4580475091934204
1.30689537525177
1.3114067316055298
1.3433432579040527
1.2657490968704224
1.26618230342865
1.4749691486358643
1.3888121843338013
1.4307152032852173
1.377390742301941
1.3502449989318848
1.4012802839279175
1.4204883575439453
1.439719796180725
1.384389877319336
1.4266146421432495
1.5000028610229492
1.1986842155456543
1.3530957698822021
1.2296491861343384
1.4025853872299194
1.3029072284698486
1.2837210893630981
1.3925203084945679
1.4926611185073853
1.4304341077804565
1.3732587099075317
1.428612232208252
1.3433517217636108
1.3410392999649048
1.4283069372177124
1.5400195121765137
1.3453491926193237
1.4393935203552246
1.3688380718231201
1.419541358947754
1.489854097366333
1.3992700576782227
1.4046125411987305
1.500306487083435
1.414426565170288
1.492522120475769
1.340196132659912
1.201111078262329
1.4201232194900513
1.3386090993881226
1.2017838954925537
1.3619682788848877
1.327987551689148
1.4003188610076904
1.299877643585205
1.4115351438522339
1.5307340621948242
1.4216283559799194
1.295882225036621
1.2012648582458496
1.3210207223892212
1.446048378944397
1.2777780294418335
1.2303354740142822
1.3756145238876343
1.2423752546310425
1.426979660987854
1.2895214557647705
1.4263893365859985
1.419765591621399
1.4398207664489746
1.378360629081726
1.2593289613723755
1.3003876209259033
1.48257577419281
1.2019256353378296
1.1961861848831177
1.3450342416763306
1.5226833820343018
1.456128716468811
1.2971642017364502
1.4688403606414795
1.3173035383224487
1.4218472242355347
1.425638198852539
1.396937370300293
1.5337834358215332
1.4413203001022339
1.4601820707321167
1.5418106317520142
1.3315377235412598
1.480898380279541
1.3128279447555542
1.3314043283462524
1.540921688079834
1.3684526681900024
1.325728178024292
1.4295710325241089
1.4036976099014282
1.211330533027649
1.243524193763733
1.3340849876403809
1.3920049667358398
1.445339560508728
1.1948204040527344
1.3296935558319092
1.393748164176941
1.3215365409851074
1.3196218013763428
1.3326389789581299
1.233178973197937
1.3458175659179688
1.4170318841934204
1.5075336694717407
1.355488657951355
1.3433140516281128
1.4308589696884155
1.4033244848251343
1.3910914659500122
1.1911665201187134
1.402774453163147
1.2779728174209595
1.376624345779419
1.3582432270050049
1.2792619466781616
1.401329517364502
1.3477333784103394
1.422585368156433
1.228817105293274
1.322816252708435
1.3633266687393188
1.473493218421936
1.4459507465362549
1.4205317497253418
1.4236043691635132
1.4023405313491821
1.3974579572677612
1.3486192226409912
1.3374971151351929
1.4146301746368408
1.3420696258544922
1.1926300525665283
1.3830581903457642
1.3083902597427368
1.3018450736999512
1.3356695175170898
1.3680365085601807
1.3883612155914307
1.5213069915771484
1.4758665561676025
1.4169514179229736
1.427756667137146
1.3264939785003662
1.4964556694030762
1.45901620388031
1.445588231086731
1.4080785512924194
1.3377586603164673
1.4236115217208862
1.449495792388916
1.40115487575531
1.4101917743682861
1.2103768587112427
1.4889084100723267
1.2950704097747803
1.4131395816802979
1.4288650751113892
1.3699613809585571
1.3563963174819946
1.3832511901855469
1.1965645551681519
1.385525107383728
1.3477959632873535
1.3400938510894775
1.3389676809310913
1.3421075344085693
1.408204436302185
1.4541277885437012
1.3473538160324097
1.347110390663147
1.2116076946258545
1.3294179439544678
1.492388367652893
1.3786381483078003
1.3870820999145508
1.3011119365692139
1.3238502740859985
1.2765979766845703
1.3491601943969727
1.2748641967773438
1.3036997318267822
1.5146933794021606
1.3156523704528809
1.3278026580810547
1.2295067310333252
1.4055452346801758
1.2235791683197021
1.408649206161499
1.4095149040222168
1.4205783605575562
1.4095063209533691
1.5477824211120605
1.3155181407928467
1.5296562910079956
1.3819798231124878
1.1907519102096558
1.323344349861145
1.5479655265808105
1.3980393409729004
1.5145907402038574
1.354312539100647
1.4288777112960815
1.5385375022888184
1.3800253868103027
1.1908390522003174
1.4790306091308594
1.33739173412323
1.3615329265594482
1.421614646911621
1.4580034017562866
1.433840274810791
1.222490906715393
1.3652870655059814
1.4340896606445312
1.2728699445724487
1.2278255224227905
1.4173845052719116
1.2580866813659668
1.3934270143508911
1.4179414510726929
1.3173161745071411
1.3542174100875854
1.3703420162200928
1.3878129720687866
1.3004491329193115
